1.2e-06	0.670377	0.671413	-0.000772273
1.18218e-06	0.674902	0.676202	-0.00096178
1.16488e-06	0.672423	0.673923	-0.00111395
1.14808e-06	0.663239	0.664708	-0.00110638
1.13175e-06	0.647575	0.648807	-0.000950006
1.11589e-06	0.62552	0.626467	-0.000756541
1.10046e-06	0.596981	0.597665	-0.000572423
1.08545e-06	0.561677	0.561903	-0.000201522
1.07085e-06	0.519358	0.518425	0.000899483
1.05664e-06	0.471326	0.467736	0.00382262
1.04279e-06	0.4291	0.419976	0.0107461
1.02931e-06	0.443165	0.425529	0.0203016
1.01617e-06	0.515332	0.498353	0.0167493
1.00336e-06	0.493353	0.485579	0.00794179
9.90871e-07	0.421586	0.419882	0.00202479
9.78689e-07	0.346647	0.348264	-0.00232788
9.66802e-07	0.275896	0.27973	-0.00690089
9.552e-07	0.210177	0.216225	-0.0141853
9.43874e-07	0.150564	0.15958	-0.0290674
9.32813e-07	0.0993692	0.112801	-0.0633065
9.22008e-07	0.060953	0.0818838	-0.146537
9.1145e-07	0.043005	0.0769876	-0.283205
9.01132e-07	0.0354064	0.0677173	-0.313321
8.91045e-07	0.0321474	0.0528555	-0.243617
8.81181e-07	0.0564141	0.0798571	-0.172032
8.71533e-07	0.0968005	0.104629	-0.0388668
8.62094e-07	0.223974	0.231456	-0.0164285
8.52857e-07	0.57479	0.567595	0.00629866
8.43816e-07	0.638541	0.641335	-0.00218337
8.34965e-07	0.633635	0.64212	-0.00665105
8.26298e-07	0.615553	0.630847	-0.0122704
8.17808e-07	0.588656	0.611697	-0.0191951
8.09492e-07	0.556737	0.586722	-0.0262228
8.01342e-07	0.525923	0.559562	-0.0309906
7.93355e-07	0.503816	0.536155	-0.0310956
7.85526e-07	0.495477	0.522212	-0.0262703
7.7785e-07	0.499573	0.519203	-0.0192684
7.70323e-07	0.508712	0.522509	-0.0133789
7.62939e-07	0.514985	0.525164	-0.00978626
7.55696e-07	0.514018	0.522225	-0.0079201
7.48589e-07	0.506756	0.513544	-0.00665289
7.41615e-07	0.499872	0.504575	-0.00468252
7.34769e-07	0.501534	0.501979	-0.000443989
7.28049e-07	0.514828	0.50769	0.00698159
7.2145e-07	0.53619	0.519731	0.0155871
7.1497e-07	0.560757	0.538025	0.0206881
7.08605e-07	0.587544	0.56587	0.0187906
7.02353e-07	0.593909	0.579751	0.0120635
6.9621e-07	0.578221	0.567473	0.0093815
6.90173e-07	0.57204	0.563473	0.00754479
6.84241e-07	0.571098	0.56494	0.00542008
6.78409e-07	0.572701	0.568745	0.0034661
6.72676e-07	0.575282	0.572566	0.00236685
6.67039e-07	0.57837	0.576047	0.00201266
6.61496e-07	0.581762	0.579838	0.00165584
6.56044e-07	0.585231	0.583944	0.00110043
6.50681e-07	0.588893	0.587962	0.000791492
6.45405e-07	0.592833	0.591762	0.00090418
6.40214e-07	0.596688	0.595449	0.00103948
6.35106e-07	0.600063	0.598947	0.000931357
6.30079e-07	0.602996	0.602093	0.000749512
6.25131e-07	0.605737	0.604986	0.000620262
6.2026e-07	0.608612	0.608028	0.00047984
6.15464e-07	0.61162	0.611435	0.000151073
6.10742e-07	0.614919	0.615297	-0.000307029
6.06091e-07	0.619192	0.619827	-0.000512448
6.01511e-07	0.6297	0.629614	6.78622e-05
5.97e-07	0.63618	0.636677	-0.000390053
5.92556e-07	0.640773	0.641939	-0.000909407
5.88177e-07	0.645008	0.646689	-0.0013008
5.83863e-07	0.649172	0.651123	-0.00150029
5.79612e-07	0.65335	0.655386	-0.00155556
5.75422e-07	0.657562	0.659617	-0.00156015
5.71292e-07	0.661769	0.663849	-0.00156904
5.67221e-07	0.665865	0.667983	-0.00158818
5.63208e-07	0.669703	0.671856	-0.00160502
5.59251e-07	0.673188	0.675358	-0.00160916
5.55349e-07	0.676319	0.678492	-0.0016034
5.51501e-07	0.679157	0.68134	-0.00160459
5.47706e-07	0.681748	0.68397	-0.00162723
5.43964e-07	0.684088	0.686368	-0.00166435
5.40271e-07	0.686129	0.688452	-0.0016904
5.36629e-07	0.687814	0.690138	-0.00168636
5.33036e-07	0.689101	0.691394	-0.00166065
5.2949e-07	0.689976	0.692247	-0.00164254
5.25991e-07	0.69045	0.692736	-0.00165264
5.22538e-07	0.69055	0.692874	-0.00167984
5.1913e-07	0.690311	0.692646	-0.00168833
5.15767e-07	0.689767	0.692046	-0.00164932
5.12446e-07	0.688948	0.69111	-0.00156724
5.09168e-07	0.687879	0.689912	-0.00147551
5.05932e-07	0.686588	0.68852	-0.0014047
5.02737e-07	0.685128	0.686987	-0.00135444
4.99582e-07	0.683628	0.685363	-0.00126729
4.96466e-07	0.681297	0.682308	-0.000741233
4.93388e-07	0.67774	0.678628	-0.000654499
4.90349e-07	0.674144	0.674942	-0.000591578
4.87347e-07	0.670665	0.671412	-0.000556375
4.84381e-07	0.667203	0.667945	-0.000555252
4.81452e-07	0.663751	0.664496	-0.000560554
4.78557e-07	0.660326	0.661043	-0.000542679
4.75697e-07	0.656957	0.65761	-0.000496834
4.72871e-07	0.653673	0.654255	-0.000444773
4.70079e-07	0.650504	0.651039	-0.000411475
4.67319e-07	0.647473	0.647992	-0.0004003
4.64591e-07	0.644605	0.645109	-0.00039098
4.61896e-07	0.641915	0.642379	-0.000361515
4.59231e-07	0.639417	0.639815	-0.000311693
4.56597e-07	0.637121	0.637458	-0.000264544
4.53992e-07	0.635034	0.635344	-0.000244402
4.51418e-07	0.633162	0.633483	-0.000253204
4.48872e-07	0.63151	0.631849	-0.000268211
4.46355e-07	0.630081	0.630412	-0.000263026
4.43866e-07	0.628875	0.629166	-0.000231313
4.41405e-07	0.627892	0.628131	-0.000190543
4.38971e-07	0.627127	0.627332	-0.000162868
4.36563e-07	0.62658	0.626771	-0.000152271
4.34182e-07	0.626256	0.626432	-0.000139914
4.31826e-07	0.626181	0.626307	-0.000100803
4.29496e-07	0.627389	0.627369	1.55872e-05
4.27191e-07	0.628937	0.62882	9.27502e-05
4.24911e-07	0.631155	0.630949	0.000162537
4.22655e-07	0.635616	0.635318	0.000234434
4.20423e-07	0.636493	0.636233	0.000203907
4.18214e-07	0.636218	0.636	0.000170888
4.16028e-07	0.635716	0.635517	0.000156907
4.13865e-07	0.635291	0.635091	0.000157245
4.11724e-07	0.635021	0.634816	0.000161668
4.09605e-07	0.634899	0.634683	0.000170068
4.07509e-07	0.634889	0.634644	0.000193168
4.05433e-07	0.634956	0.634653	0.000238518
4.03378e-07	0.635071	0.634694	0.000296953
4.01345e-07	0.63522	0.634781	0.00034511
3.99331e-07	0.6354	0.634938	0.000363797
3.97338e-07	0.635618	0.635166	0.000355423
3.95364e-07	0.635884	0.635448	0.000342851
3.9341e-07	0.636209	0.635765	0.000348992
3.91475e-07	0.636603	0.636126	0.000375025
3.8956e-07	0.637077	0.636571	0.000397644
3.87662e-07	0.637646	0.63715	0.00038874
3.85784e-07	0.638355	0.637921	0.000339559
3.83923e-07	0.639905	0.639432	0.000369441
3.8208e-07	0.641942	0.641617	0.000253138
3.80255e-07	0.643733	0.643508	0.000174827
3.78447e-07	0.64529	0.645106	0.000142663
3.76656e-07	0.646316	0.646111	0.000158534
3.74882e-07	0.647121	0.646925	0.000151946
3.73125e-07	0.647694	0.647547	0.000113761
3.71384e-07	0.64805	0.647965	6.58298e-05
3.69659e-07	0.648224	0.648185	2.98828e-05
3.67951e-07	0.648262	0.64825	9.25149e-06
3.66258e-07	0.648223	0.648236	-9.68908e-06
3.6458e-07	0.648173	0.648227	-4.22133e-05
3.62918e-07	0.648182	0.648301	-9.15991e-05
3.61271e-07	0.648327	0.648519	-0.000148417
3.59639e-07	0.648685	0.648945	-0.000200433
3.58021e-07	0.649344	0.649657	-0.000240798
3.56418e-07	0.650423	0.650768	-0.00026523
3.54829e-07	0.65231	0.652632	-0.000246453
3.53254e-07	0.653972	0.654392	-0.000321495
3.51694e-07	0.656762	0.657297	-0.000406763
3.50147e-07	0.657435	0.657914	-0.000363936
3.48613e-07	0.657394	0.657788	-0.000299721
3.47093e-07	0.656087	0.656395	-0.000234756
3.45586e-07	0.655459	0.655752	-0.000223594
3.44092e-07	0.655079	0.655385	-0.000233661
3.42611e-07	0.654795	0.655095	-0.000229154
3.41143e-07	0.654512	0.654763	-0.000191739
3.39687e-07	0.654169	0.654346	-0.000134717
3.38244e-07	0.653725	0.653844	-9.09351e-05
3.36812e-07	0.653152	0.653261	-8.30887e-05
3.35393e-07	0.652442	0.652575	-0.000101935
3.33986e-07	0.651604	0.651751	-0.000112474
3.32591e-07	0.650661	0.650771	-8.39785e-05
3.31207e-07	0.64965	0.649673	-1.79597e-05
3.29834e-07	0.648616	0.64855	5.13148e-05
3.28473e-07	0.647614	0.647503	8.54715e-05
3.27123e-07	0.646701	0.646603	7.52868e-05
3.25784e-07	0.645933	0.64587	4.87575e-05
3.24457e-07	0.645361	0.645302	4.59513e-05
3.23139e-07	0.645029	0.644922	8.24023e-05
3.21833e-07	0.644969	0.644796	0.000133799
3.20537e-07	0.645206	0.645005	0.000156073
3.19251e-07	0.645765	0.645606	0.000122963
3.17976e-07	0.64669	0.646631	4.57158e-05
3.16711e-07	0.648148	0.64828	-0.000101888
3.15456e-07	0.649241	0.649507	-0.000204543
3.14211e-07	0.650081	0.650408	-0.000251695
3.12975e-07	0.650297	0.65057	-0.000209582
3.11749e-07	0.649501	0.649799	-0.00022945
3.10533e-07	0.648765	0.649126	-0.000278536
3.09326e-07	0.647999	0.648417	-0.000322677
3.08129e-07	0.647115	0.647538	-0.000326185
3.06941e-07	0.646075	0.646447	-0.000287886
3.05762e-07	0.644866	0.645183	-0.000245068
3.04592e-07	0.643504	0.643815	-0.000242184
3.03431e-07	0.642019	0.642398	-0.000295057
3.02278e-07	0.640511	0.64103	-0.000404678
3.01135e-07	0.6392	0.639798	-0.000467339
3e-07	0.637889	0.638468	-0.000453742
