1.2e-06	0.37135	0.382529	-0.0148297
1.18218e-06	0.41098	0.422904	-0.0142997
1.16488e-06	0.443513	0.455765	-0.0136242
1.14808e-06	0.465281	0.476643	-0.0120618
1.13175e-06	0.474638	0.485224	-0.0110283
1.11589e-06	0.472131	0.48251	-0.0108719
1.10046e-06	0.460558	0.469699	-0.0098266
1.08545e-06	0.444598	0.451567	-0.00777653
1.07085e-06	0.431508	0.435393	-0.00448145
1.05664e-06	0.434655	0.433032	0.00187142
1.04279e-06	0.473468	0.464861	0.00917284
1.02931e-06	0.536618	0.52339	0.0124789
1.01617e-06	0.54555	0.533595	0.011078
1.00336e-06	0.48244	0.475901	0.0068232
9.90871e-07	0.399461	0.398429	0.00129277
9.78689e-07	0.32358	0.326016	-0.00375037
9.66802e-07	0.26003	0.264183	-0.0079224
9.552e-07	0.208338	0.213529	-0.0123044
9.43874e-07	0.167091	0.172329	-0.0154343
9.32813e-07	0.135479	0.140026	-0.0165054
9.22008e-07	0.113886	0.11793	-0.0174459
9.1145e-07	0.10344	0.105835	-0.0114461
9.01132e-07	0.105385	0.103471	0.00916348
8.91045e-07	0.120911	0.111842	0.0389634
8.81181e-07	0.14767	0.125003	0.0831288
8.71533e-07	0.158786	0.117481	0.14951
8.62094e-07	0.127895	0.0945351	0.14998
8.52857e-07	0.130644	0.121958	0.0343871
8.43816e-07	0.170617	0.178268	-0.0219314
8.34965e-07	0.222243	0.239776	-0.0379498
8.26298e-07	0.267275	0.294251	-0.0480405
8.17808e-07	0.31293	0.335621	-0.0349868
8.09492e-07	0.436392	0.455117	-0.0210034
8.01342e-07	0.560988	0.559775	0.00108263
7.93355e-07	0.544829	0.59395	-0.0431344
7.85526e-07	0.534317	0.600749	-0.0585267
7.7785e-07	0.535787	0.59952	-0.0561369
7.70323e-07	0.546887	0.602137	-0.0480841
7.62939e-07	0.561913	0.614229	-0.0444813
7.55696e-07	0.576898	0.624088	-0.0392934
7.48589e-07	0.590631	0.632315	-0.0340848
7.41615e-07	0.601883	0.638884	-0.0298209
7.34769e-07	0.608039	0.638775	-0.0246514
7.28049e-07	0.607836	0.631665	-0.0192244
7.2145e-07	0.603092	0.619563	-0.0134716
7.1497e-07	0.597231	0.604731	-0.00623987
7.08605e-07	0.593012	0.591191	0.00153797
7.02353e-07	0.590942	0.582315	0.00735297
6.9621e-07	0.590796	0.57868	0.0103607
6.90173e-07	0.592956	0.579769	0.0112449
6.84241e-07	0.59856	0.586816	0.00990752
6.78409e-07	0.608184	0.599914	0.00684514
6.72676e-07	0.620243	0.614863	0.00435652
6.67039e-07	0.636282	0.630329	0.00470038
6.61496e-07	0.637286	0.634242	0.0023939
6.56044e-07	0.631516	0.628281	0.00256781
6.50681e-07	0.623587	0.619787	0.00305598
6.45405e-07	0.619938	0.61596	0.00321891
6.40214e-07	0.618326	0.614927	0.00275598
6.35106e-07	0.618241	0.615633	0.002113
6.30079e-07	0.619181	0.617285	0.00153298
6.25131e-07	0.620543	0.619275	0.00102283
6.2026e-07	0.622307	0.621544	0.000613744
6.15464e-07	0.624552	0.624195	0.000285424
6.10742e-07	0.627198	0.626977	0.000176513
6.06091e-07	0.630304	0.629641	0.000525784
6.01511e-07	0.633958	0.632646	0.00103611
5.97e-07	0.638251	0.636736	0.00118883
5.92556e-07	0.643313	0.641873	0.00112064
5.88177e-07	0.648955	0.64757	0.00106858
5.83863e-07	0.654608	0.653594	0.000775722
5.79612e-07	0.659858	0.659608	0.00018982
5.75422e-07	0.664739	0.665199	-0.000346272
5.71292e-07	0.669429	0.67039	-0.000717294
5.67221e-07	0.675458	0.677231	-0.00131081
5.63208e-07	0.683671	0.684889	-0.00089062
5.59251e-07	0.68769	0.688984	-0.000940596
5.55349e-07	0.690783	0.69222	-0.00103921
5.51501e-07	0.693497	0.694811	-0.000946216
5.47706e-07	0.695905	0.696965	-0.000761056
5.43964e-07	0.697873	0.69891	-0.000742232
5.40271e-07	0.699375	0.700394	-0.000728078
5.36629e-07	0.70049	0.701216	-0.000518231
5.33036e-07	0.701188	0.701669	-0.000342685
5.2949e-07	0.701316	0.701678	-0.000257413
5.25991e-07	0.700876	0.70111	-0.000167182
5.22538e-07	0.700146	0.700426	-0.000200098
5.1913e-07	0.699418	0.699658	-0.000171359
5.15767e-07	0.698692	0.698571	8.69994e-05
5.12446e-07	0.697763	0.697523	0.000172059
5.09168e-07	0.696572	0.696528	3.15963e-05
5.05932e-07	0.695299	0.695219	5.75741e-05
5.02737e-07	0.69408	0.693844	0.00016943
4.99582e-07	0.69278	0.692483	0.000215003
4.96466e-07	0.691177	0.690758	0.000303411
4.93388e-07	0.689269	0.688865	0.000293069
4.90349e-07	0.687262	0.686996	0.000193269
4.87347e-07	0.685275	0.684831	0.000324025
4.84381e-07	0.683205	0.682507	0.000511239
4.81452e-07	0.680948	0.680317	0.000463321
4.78557e-07	0.678625	0.678024	0.000442897
4.75697e-07	0.676474	0.6757	0.000572939
4.72871e-07	0.6746	0.673717	0.000654913
4.70079e-07	0.673046	0.672099	0.000704152
4.67319e-07	0.671617	0.669782	0.001368
4.64591e-07	0.667508	0.666316	0.000893397
4.61896e-07	0.66335	0.662296	0.00079493
4.59231e-07	0.660101	0.658883	0.000923875
4.56597e-07	0.65721	0.656038	0.000892386
4.53992e-07	0.654515	0.653509	0.000768959
4.51418e-07	0.652106	0.65111	0.000764556
4.48872e-07	0.650069	0.64906	0.0007774
4.46355e-07	0.6483	0.647278	0.000788483
4.43866e-07	0.646629	0.645541	0.000841883
4.41405e-07	0.645037	0.644023	0.000786675
4.38971e-07	0.643638	0.64274	0.000698122
4.36563e-07	0.642459	0.641443	0.000791487
4.34182e-07	0.641371	0.640245	0.000878256
4.31826e-07	0.640255	0.639236	0.000796715
4.29496e-07	0.639149	0.638173	0.000763995
4.27191e-07	0.638158	0.637111	0.000820866
4.24911e-07	0.63727	0.636206	0.00083592
4.22655e-07	0.636369	0.635261	0.000871598
4.20423e-07	0.635408	0.63427	0.000895909
4.18214e-07	0.634482	0.633436	0.000825021
4.16028e-07	0.633685	0.632613	0.000846862
4.13865e-07	0.632973	0.631732	0.00098072
4.11724e-07	0.63225	0.631018	0.000975173
4.09605e-07	0.631547	0.630401	0.000907614
4.07509e-07	0.631023	0.629788	0.000979496
4.05433e-07	0.630911	0.629489	0.00112753
4.03378e-07	0.63129	0.629919	0.00108682
4.01345e-07	0.631975	0.630585	0.00110078
3.99331e-07	0.636532	0.634827	0.00134152
3.97338e-07	0.637732	0.636323	0.00110589
3.95364e-07	0.638266	0.636744	0.00119391
3.9341e-07	0.638511	0.636979	0.0012016
3.91475e-07	0.638558	0.637203	0.00106239
3.8956e-07	0.63857	0.63729	0.00100283
3.87662e-07	0.638718	0.63745	0.000993105
3.85784e-07	0.639019	0.637712	0.0010233
3.83923e-07	0.639341	0.637959	0.00108225
3.8208e-07	0.639584	0.638179	0.00110003
3.80255e-07	0.639781	0.638477	0.00102062
3.78447e-07	0.639993	0.638722	0.000994054
3.76656e-07	0.640181	0.638804	0.00107653
3.74882e-07	0.640246	0.638907	0.00104698
3.73125e-07	0.640155	0.638901	0.000980129
3.71384e-07	0.639957	0.638635	0.00103431
3.69659e-07	0.639673	0.638351	0.00103491
3.67951e-07	0.639239	0.63796	0.00100145
3.66258e-07	0.638614	0.63731	0.00102221
3.6458e-07	0.637879	0.636686	0.000936045
3.62918e-07	0.637175	0.636072	0.000866326
3.61271e-07	0.63664	0.635382	0.000988948
3.59639e-07	0.636857	0.63547	0.00108978
3.58021e-07	0.637099	0.635944	0.000906947
3.56418e-07	0.637678	0.637022	0.0005147
3.54829e-07	0.637804	0.637276	0.000413882
3.53254e-07	0.638029	0.637617	0.000323106
3.51694e-07	0.638325	0.63788	0.000349003
3.50147e-07	0.638668	0.638362	0.000239333
3.48613e-07	0.639152	0.639035	9.13191e-05
3.47093e-07	0.639864	0.639753	8.70909e-05
3.45586e-07	0.640729	0.640556	0.00013519
3.44092e-07	0.641577	0.641495	6.33902e-05
3.42611e-07	0.64233	0.642394	-4.99874e-05
3.41143e-07	0.643059	0.643189	-0.000100619
3.39687e-07	0.643821	0.644024	-0.000157827
3.38244e-07	0.644524	0.644731	-0.000160956
3.36812e-07	0.645033	0.645234	-0.000156098
3.35393e-07	0.645372	0.645792	-0.000325112
3.33986e-07	0.645808	0.646409	-0.000465695
3.32591e-07	0.646699	0.647202	-0.000388771
3.31207e-07	0.647289	0.647913	-0.000481339
3.29834e-07	0.648594	0.649895	-0.00100192
3.28473e-07	0.64528	0.646242	-0.000745057
3.27123e-07	0.642899	0.643881	-0.000762907
3.25784e-07	0.641016	0.641994	-0.000762205
3.24457e-07	0.639475	0.640306	-0.000648813
3.23139e-07	0.638171	0.638985	-0.000637149
3.21833e-07	0.637109	0.638004	-0.000701872
3.20537e-07	0.636357	0.63717	-0.000638727
3.19251e-07	0.635921	0.636652	-0.000574029
3.17976e-07	0.635716	0.63646	-0.000584795
3.16711e-07	0.635657	0.636338	-0.000535442
3.15456e-07	0.635737	0.636385	-0.000509155
3.14211e-07	0.635962	0.636647	-0.000537919
3.12975e-07	0.636257	0.636823	-0.000444784
3.11749e-07	0.636493	0.636953	-0.000361145
3.10533e-07	0.636599	0.637148	-0.000430943
3.09326e-07	0.636592	0.63711	-0.00040661
3.08129e-07	0.636479	0.636842	-0.000284569
3.06941e-07	0.636188	0.636549	-0.000283603
3.05762e-07	0.635638	0.635975	-0.000265296
3.04592e-07	0.634858	0.635111	-0.000199857
3.03431e-07	0.633966	0.63428	-0.000247881
3.02278e-07	0.633038	0.633298	-0.000205411
3.01135e-07	0.632064	0.632144	-6.34868e-05
3e-07	0.631053	0.631238	-0.000146418
