1.2e-06	0.599041	0.599927	-0.00073903
1.18218e-06	0.608467	0.608907	-0.000361353
1.16488e-06	0.610999	0.61146	-0.000377089
1.14808e-06	0.606208	0.607114	-0.000746843
1.13175e-06	0.594391	0.595139	-0.000628239
1.11589e-06	0.574242	0.57469	-0.000390623
1.10046e-06	0.544949	0.545047	-8.98175e-05
1.08545e-06	0.507428	0.506426	0.000988856
1.07085e-06	0.467592	0.465258	0.00250139
1.05664e-06	0.461087	0.457106	0.00433577
1.04279e-06	0.541083	0.536232	0.00450314
1.02931e-06	0.592442	0.589727	0.00229722
1.01617e-06	0.560834	0.560295	0.000480872
1.00336e-06	0.503269	0.503587	-0.000315189
9.90871e-07	0.441295	0.442333	-0.00117555
9.78689e-07	0.378956	0.381111	-0.00283513
9.66802e-07	0.317845	0.320582	-0.00428707
9.552e-07	0.257948	0.261089	-0.00605131
9.43874e-07	0.19968	0.20357	-0.00964665
9.32813e-07	0.145165	0.149769	-0.0156108
9.22008e-07	0.0966213	0.102564	-0.0298341
9.1145e-07	0.0590469	0.0675781	-0.0673744
9.01132e-07	0.0453373	0.0576118	-0.119229
8.91045e-07	0.0704122	0.0865297	-0.102697
8.81181e-07	0.0851969	0.0986817	-0.0733351
8.71533e-07	0.0531912	0.0614361	-0.0719283
8.62094e-07	0.0246242	0.0299328	-0.0973053
8.52857e-07	0.0185539	0.0229764	-0.106487
8.43816e-07	0.0349139	0.039006	-0.0553585
8.34965e-07	0.0729324	0.0772641	-0.0288402
8.26298e-07	0.133192	0.13363	-0.00164031
8.17808e-07	0.199613	0.187132	0.0322711
8.09492e-07	0.32497	0.30644	0.0293466
8.01342e-07	0.287901	0.217989	0.138196
7.93355e-07	0.404829	0.431402	-0.0317765
7.85526e-07	0.438269	0.453914	-0.0175352
7.7785e-07	0.469443	0.47718	-0.00817264
7.70323e-07	0.490802	0.496247	-0.00551652
7.62939e-07	0.50303	0.509857	-0.00674016
7.55696e-07	0.509242	0.51573	-0.00633048
7.48589e-07	0.504267	0.509518	-0.00517919
7.41615e-07	0.483947	0.489647	-0.00585477
7.34769e-07	0.458003	0.461776	-0.00410242
7.28049e-07	0.438327	0.434563	0.00431292
7.2145e-07	0.423059	0.411135	0.014294
7.1497e-07	0.40762	0.39094	0.0208869
7.08605e-07	0.395152	0.375817	0.0250791
7.02353e-07	0.38892	0.369176	0.0260447
6.9621e-07	0.389592	0.373261	0.0214085
6.90173e-07	0.398862	0.387869	0.0139729
6.84241e-07	0.416623	0.410701	0.00715819
6.78409e-07	0.439892	0.438687	0.00137131
6.72676e-07	0.46678	0.468985	-0.00235664
6.67039e-07	0.499383	0.502267	-0.00287934
6.61496e-07	0.521553	0.526274	-0.00450534
6.56044e-07	0.528903	0.532743	-0.00361731
6.50681e-07	0.529166	0.531691	-0.00238004
6.45405e-07	0.531184	0.53332	-0.00200669
6.40214e-07	0.533991	0.535916	-0.00179972
6.35106e-07	0.537645	0.539059	-0.0013134
6.30079e-07	0.540815	0.542356	-0.00142226
6.25131e-07	0.543976	0.545613	-0.00150245
6.2026e-07	0.547863	0.548913	-0.00095784
6.15464e-07	0.55133	0.552353	-0.000927078
6.10742e-07	0.554554	0.55613	-0.0014185
6.06091e-07	0.558907	0.560657	-0.00156254
6.01511e-07	0.564234	0.566242	-0.00177683
5.97e-07	0.570357	0.572715	-0.00206264
5.92556e-07	0.577421	0.579608	-0.00188984
5.88177e-07	0.584301	0.586477	-0.00185881
5.83863e-07	0.590678	0.593146	-0.00208506
5.79612e-07	0.597255	0.599581	-0.00194319
5.75422e-07	0.603459	0.60563	-0.00179595
5.71292e-07	0.608903	0.611063	-0.0017708
5.67221e-07	0.615458	0.617451	-0.00161672
5.63208e-07	0.622965	0.623967	-0.000803987
5.59251e-07	0.626979	0.628042	-0.000847051
5.55349e-07	0.630296	0.631384	-0.000862172
5.51501e-07	0.633305	0.634259	-0.000752713
5.47706e-07	0.635824	0.636719	-0.000703173
5.43964e-07	0.638134	0.638823	-0.000539673
5.40271e-07	0.640089	0.640622	-0.000416214
5.36629e-07	0.641498	0.642093	-0.000463693
5.33036e-07	0.642608	0.643145	-0.000418126
5.2949e-07	0.643189	0.643697	-0.000395102
5.25991e-07	0.643153	0.643748	-0.000462204
5.22538e-07	0.642966	0.643383	-0.000324254
5.1913e-07	0.64245	0.642719	-0.000208677
5.15767e-07	0.641423	0.641839	-0.000324381
5.12446e-07	0.640351	0.640756	-0.000316277
5.09168e-07	0.639086	0.639429	-0.000268464
5.05932e-07	0.63732	0.637811	-0.000385181
5.02737e-07	0.635478	0.635894	-0.000327549
4.99582e-07	0.633489	0.633719	-0.000181491
4.96466e-07	0.631004	0.63134	-0.000265769
4.93388e-07	0.628424	0.628789	-0.000290312
4.90349e-07	0.625782	0.62606	-0.000222269
4.87347e-07	0.622733	0.623137	-0.000324076
4.84381e-07	0.619652	0.62004	-0.000313499
4.81452e-07	0.616665	0.616847	-0.00014692
4.78557e-07	0.613443	0.613669	-0.000183603
4.75697e-07	0.610333	0.610607	-0.000223734
4.72871e-07	0.607563	0.607724	-0.00013258
4.70079e-07	0.604836	0.605128	-0.000240827
4.67319e-07	0.602046	0.601999	3.95265e-05
4.64591e-07	0.598028	0.598032	-3.37699e-06
4.61896e-07	0.593884	0.593856	2.41675e-05
4.59231e-07	0.590295	0.590313	-1.50233e-05
4.56597e-07	0.587209	0.587198	9.01207e-06
4.53992e-07	0.584358	0.584403	-3.80738e-05
4.51418e-07	0.581765	0.581853	-7.60681e-05
4.48872e-07	0.579564	0.57953	2.92676e-05
4.46355e-07	0.577514	0.577451	5.50586e-05
4.43866e-07	0.575633	0.575628	4.56463e-06
4.41405e-07	0.574074	0.574033	3.49739e-05
4.38971e-07	0.572606	0.572603	2.17766e-06
4.36563e-07	0.57122	0.571276	-4.90935e-05
4.34182e-07	0.570082	0.570029	4.67908e-05
4.31826e-07	0.568983	0.568877	9.36139e-05
4.29496e-07	0.567888	0.567839	4.33288e-05
4.27191e-07	0.56698	0.566903	6.81163e-05
4.24911e-07	0.56609	0.566027	5.60111e-05
4.22655e-07	0.565166	0.565168	-1.77518e-06
4.20423e-07	0.564411	0.564324	7.7318e-05
4.18214e-07	0.563695	0.56353	0.0001469
4.16028e-07	0.562944	0.562829	0.000102505
4.13865e-07	0.562371	0.562238	0.000118296
4.11724e-07	0.561898	0.561746	0.000135633
4.09605e-07	0.561434	0.561345	7.93256e-05
4.07509e-07	0.561231	0.561081	0.000133875
4.05433e-07	0.561469	0.56113	0.000302572
4.03378e-07	0.562335	0.56204	0.0002628
4.01345e-07	0.563678	0.563532	0.00012901
3.99331e-07	0.571069	0.570407	0.000579876
3.97338e-07	0.573352	0.572907	0.000388257
3.95364e-07	0.574455	0.574194	0.000227195
3.9341e-07	0.575193	0.574966	0.000197431
3.91475e-07	0.575894	0.575567	0.000284526
3.8956e-07	0.576627	0.576191	0.000377757
3.87662e-07	0.577176	0.576853	0.000279371
3.85784e-07	0.577654	0.577497	0.000135692
3.83923e-07	0.578415	0.578115	0.000259309
3.8208e-07	0.579199	0.578744	0.000392918
3.80255e-07	0.5797	0.579395	0.000263021
3.78447e-07	0.58028	0.580032	0.000213867
3.76656e-07	0.580985	0.580598	0.000333483
3.74882e-07	0.581383	0.581051	0.000285391
3.73125e-07	0.581608	0.581374	0.000201638
3.71384e-07	0.581916	0.581561	0.000305153
3.69659e-07	0.582007	0.581614	0.000338346
3.67951e-07	0.581832	0.581548	0.000244053
3.66258e-07	0.581682	0.581386	0.000254542
3.6458e-07	0.581483	0.581155	0.000281646
3.62918e-07	0.581139	0.580895	0.000210407
3.61271e-07	0.581002	0.580749	0.000218271
3.59639e-07	0.581365	0.581018	0.000298723
3.58021e-07	0.581917	0.581595	0.000276705
3.56418e-07	0.582834	0.582812	1.96087e-05
3.54829e-07	0.583254	0.583245	8.3247e-06
3.53254e-07	0.583703	0.583699	3.88657e-06
3.51694e-07	0.584254	0.58428	-2.2311e-05
3.50147e-07	0.584991	0.58502	-2.46117e-05
3.48613e-07	0.585955	0.585953	1.51213e-06
3.47093e-07	0.587064	0.587085	-1.76334e-05
3.45586e-07	0.588242	0.588353	-9.41642e-05
3.44092e-07	0.589547	0.58967	-0.000104844
3.42611e-07	0.590926	0.590986	-5.07905e-05
3.41143e-07	0.592222	0.592297	-6.37034e-05
3.39687e-07	0.59349	0.593606	-9.75927e-05
3.38244e-07	0.594776	0.594885	-9.17148e-05
3.36812e-07	0.595941	0.596103	-0.000136116
3.35393e-07	0.597082	0.597288	-0.000171842
3.33986e-07	0.598535	0.598653	-9.83011e-05
3.32591e-07	0.600093	0.600191	-8.14074e-05
3.31207e-07	0.601282	0.601439	-0.000130801
3.29834e-07	0.603975	0.604573	-0.000494894
3.28473e-07	0.599603	0.599822	-0.000182472
3.27123e-07	0.596398	0.5968	-0.000337111
3.25784e-07	0.593987	0.594364	-0.000317137
3.24457e-07	0.592064	0.592325	-0.000220312
3.23139e-07	0.59028	0.590639	-0.000304198
3.21833e-07	0.588888	0.589288	-0.000339417
3.20537e-07	0.587933	0.588247	-0.000266849
3.19251e-07	0.587105	0.587484	-0.000322939
3.17976e-07	0.586557	0.586973	-0.000354262
3.16711e-07	0.586394	0.586689	-0.000251454
3.15456e-07	0.586279	0.586599	-0.000272873
3.14211e-07	0.586247	0.586649	-0.000342804
3.12975e-07	0.586444	0.586764	-0.000273016
3.11749e-07	0.586544	0.586866	-0.000273889
3.10533e-07	0.586491	0.586889	-0.000339118
3.09326e-07	0.586491	0.586791	-0.000255189
3.08129e-07	0.586294	0.586546	-0.000215525
3.06941e-07	0.585779	0.586136	-0.000304491
3.05762e-07	0.585217	0.58554	-0.000275678
3.04592e-07	0.584477	0.584747	-0.000230611
3.03431e-07	0.58342	0.583776	-0.000305586
3.02278e-07	0.582369	0.582687	-0.000273119
3.01135e-07	0.581345	0.581569	-0.000192873
3e-07	0.580195	0.580517	-0.000276937
