1.2e-06	0.592497	0.593435	-0.000790969
1.18218e-06	0.599442	0.600028	-0.000489099
1.16488e-06	0.597275	0.598826	-0.00129678
1.14808e-06	0.586907	0.588277	-0.00116536
1.13175e-06	0.564837	0.56702	-0.00192878
1.11589e-06	0.530099	0.534156	-0.00381154
1.10046e-06	0.488891	0.495652	-0.00686742
1.08545e-06	0.483397	0.495342	-0.0122044
1.07085e-06	0.587469	0.600554	-0.0110136
1.05664e-06	0.667298	0.677564	-0.00763294
1.04279e-06	0.654125	0.6601	-0.0045467
1.02931e-06	0.602081	0.60636	-0.00354063
1.01617e-06	0.53959	0.542042	-0.00226641
1.00336e-06	0.471414	0.47357	-0.00228101
9.90871e-07	0.399872	0.40221	-0.00291474
9.78689e-07	0.32718	0.328733	-0.00236738
9.66802e-07	0.253554	0.255448	-0.00372042
9.552e-07	0.184305	0.185871	-0.00422883
9.43874e-07	0.120715	0.123764	-0.0124708
9.32813e-07	0.0699501	0.0738983	-0.0274471
9.22008e-07	0.0367177	0.0437955	-0.087909
9.1145e-07	0.0324324	0.0453763	-0.166356
9.01132e-07	0.0628249	0.0871705	-0.162309
8.91045e-07	0.0776098	0.100053	-0.126323
8.81181e-07	0.0744615	0.0713686	0.0212091
8.71533e-07	0.0535706	0.041909	0.122137
8.62094e-07	0.0661213	0.0579744	0.0656503
8.52857e-07	0.120133	0.114309	0.0248429
8.43816e-07	0.213176	0.216713	-0.00822796
8.34965e-07	0.391685	0.479233	-0.100524
8.26298e-07	0.390814	0.425782	-0.0428214
8.17808e-07	0.4049	0.431235	-0.031496
8.09492e-07	0.425197	0.440913	-0.018146
8.01342e-07	0.457373	0.457706	-0.000364177
7.93355e-07	0.481428	0.482135	-0.000734114
7.85526e-07	0.512433	0.506522	0.00580099
7.7785e-07	0.536348	0.526828	0.00895431
7.70323e-07	0.555934	0.543279	0.0115129
7.62939e-07	0.57151	0.555241	0.0144385
7.55696e-07	0.574659	0.559906	0.0130035
7.48589e-07	0.57228	0.554849	0.0154657
7.41615e-07	0.55714	0.540276	0.0153666
7.34769e-07	0.536201	0.51858	0.0167059
7.28049e-07	0.512014	0.493944	0.0179625
7.2145e-07	0.490146	0.471446	0.0194459
7.1497e-07	0.475547	0.456223	0.0207381
7.08605e-07	0.469875	0.452124	0.019253
7.02353e-07	0.475736	0.460461	0.0163159
6.9621e-07	0.493572	0.483253	0.010564
6.90173e-07	0.504947	0.49986	0.00506283
6.84241e-07	0.507634	0.503473	0.00411488
6.78409e-07	0.512073	0.509423	0.00259459
6.72676e-07	0.518404	0.517208	0.00115477
6.67039e-07	0.525868	0.524594	0.00121253
6.61496e-07	0.532977	0.532018	0.000900356
6.56044e-07	0.539833	0.540018	-0.000171698
6.50681e-07	0.546252	0.547744	-0.00136436
6.45405e-07	0.552278	0.554325	-0.00184948
6.40214e-07	0.557888	0.559933	-0.00182884
6.35106e-07	0.562711	0.565258	-0.00225786
6.30079e-07	0.567428	0.570557	-0.00274989
6.25131e-07	0.571745	0.575554	-0.00331985
6.2026e-07	0.576067	0.580372	-0.00372306
6.15464e-07	0.580291	0.585578	-0.00453475
6.10742e-07	0.585262	0.591658	-0.005435
6.06091e-07	0.591512	0.59875	-0.00608037
6.01511e-07	0.599221	0.606661	-0.00616999
5.97e-07	0.607602	0.615132	-0.00615796
5.92556e-07	0.621517	0.629679	-0.0065234
5.88177e-07	0.635814	0.642775	-0.00544429
5.83863e-07	0.645002	0.650809	-0.00448157
5.79612e-07	0.652251	0.65768	-0.00414382
5.75422e-07	0.659144	0.664069	-0.00372136
5.71292e-07	0.665096	0.669752	-0.00348827
5.67221e-07	0.669925	0.674619	-0.0034911
5.63208e-07	0.674556	0.678882	-0.00319575
5.59251e-07	0.677957	0.682631	-0.00343563
5.55349e-07	0.681306	0.685855	-0.00332742
5.51501e-07	0.684174	0.688717	-0.00330928
5.47706e-07	0.686725	0.691396	-0.00338972
5.43964e-07	0.689262	0.693812	-0.00328989
5.40271e-07	0.691066	0.69579	-0.00340621
5.36629e-07	0.69281	0.697308	-0.0032352
5.33036e-07	0.693753	0.698402	-0.00333912
5.2949e-07	0.694481	0.69902	-0.00325756
5.25991e-07	0.694668	0.699139	-0.00320828
5.22538e-07	0.694544	0.698879	-0.00311088
5.1913e-07	0.694178	0.698369	-0.00300932
5.15767e-07	0.693472	0.697616	-0.00297907
5.12446e-07	0.692694	0.6966	-0.00281148
5.09168e-07	0.691581	0.695379	-0.00273878
5.05932e-07	0.690451	0.694034	-0.00258847
5.02737e-07	0.689021	0.692572	-0.00256998
4.99582e-07	0.687632	0.690978	-0.00242694
4.96466e-07	0.686039	0.689313	-0.00238035
4.93388e-07	0.684711	0.687731	-0.0022005
4.90349e-07	0.683763	0.686774	-0.00219712
4.87347e-07	0.680082	0.682319	-0.00164171
4.84381e-07	0.673457	0.675458	-0.00148365
4.81452e-07	0.668337	0.670197	-0.00138953
4.78557e-07	0.66379	0.665503	-0.00128903
4.75697e-07	0.659517	0.661126	-0.00121847
4.72871e-07	0.655565	0.657024	-0.00111146
4.70079e-07	0.651759	0.653191	-0.00109678
4.67319e-07	0.648254	0.649588	-0.00102813
4.64591e-07	0.644915	0.646199	-0.000994352
4.61896e-07	0.641843	0.643053	-0.000942293
4.59231e-07	0.639012	0.640175	-0.000908747
4.56597e-07	0.636393	0.63754	-0.0009001
4.53992e-07	0.634096	0.635136	-0.000819717
4.51418e-07	0.63194	0.632988	-0.00082865
4.48872e-07	0.630134	0.631096	-0.00076299
4.46355e-07	0.628423	0.62941	-0.00078471
4.43866e-07	0.627031	0.627902	-0.000694051
4.41405e-07	0.625744	0.6266	-0.000683572
4.38971e-07	0.624699	0.625517	-0.000653572
4.36563e-07	0.623811	0.624599	-0.000631338
4.34182e-07	0.623071	0.623804	-0.000587936
4.31826e-07	0.622535	0.623166	-0.000506454
4.29496e-07	0.622088	0.622729	-0.000515113
4.27191e-07	0.621887	0.622471	-0.000469982
4.24911e-07	0.621868	0.6224	-0.000427838
4.22655e-07	0.622405	0.622776	-0.00029802
4.20423e-07	0.625921	0.626053	-0.000105803
4.18214e-07	0.628397	0.628705	-0.000245156
4.16028e-07	0.631899	0.632129	-0.00018197
4.13865e-07	0.633673	0.633641	2.50341e-05
4.11724e-07	0.634605	0.634581	1.85101e-05
4.09605e-07	0.634722	0.634913	-0.000150759
4.07509e-07	0.63487	0.634711	0.000125181
4.05433e-07	0.634237	0.63426	-1.80974e-05
4.03378e-07	0.633748	0.633676	5.62905e-05
4.01345e-07	0.633135	0.633009	9.93684e-05
3.99331e-07	0.632407	0.632374	2.62425e-05
3.97338e-07	0.632025	0.631832	0.000152626
3.95364e-07	0.631527	0.631406	9.58375e-05
3.9341e-07	0.631393	0.63118	0.00016855
3.91475e-07	0.631344	0.631185	0.000126188
3.8956e-07	0.631498	0.63133	0.00013345
3.87662e-07	0.631828	0.631585	0.000191933
3.85784e-07	0.632286	0.632034	0.000199482
3.83923e-07	0.632811	0.632651	0.000126416
3.8208e-07	0.633463	0.63327	0.000152223
3.80255e-07	0.634039	0.633841	0.000156807
3.78447e-07	0.634679	0.634471	0.000164029
3.76656e-07	0.635289	0.635261	2.18384e-05
3.74882e-07	0.636605	0.636743	-0.000108018
3.73125e-07	0.637869	0.638171	-0.000236517
3.71384e-07	0.638268	0.638814	-0.000427628
3.69659e-07	0.638672	0.63924	-0.000445067
3.67951e-07	0.638683	0.639458	-0.000606413
3.66258e-07	0.63876	0.639475	-0.000559707
3.6458e-07	0.638727	0.63943	-0.000550383
3.62918e-07	0.638564	0.639447	-0.000691213
3.61271e-07	0.638644	0.639484	-0.000657796
3.59639e-07	0.638502	0.639508	-0.00078707
3.58021e-07	0.638799	0.639658	-0.000672078
3.56418e-07	0.638993	0.640076	-0.000846991
3.54829e-07	0.639598	0.640728	-0.000882827
3.53254e-07	0.640369	0.641562	-0.00093031
3.51694e-07	0.641398	0.642674	-0.000993451
3.50147e-07	0.642925	0.644209	-0.000997325
3.48613e-07	0.644749	0.64629	-0.00119375
3.47093e-07	0.648079	0.6498	-0.00132588
3.45586e-07	0.647721	0.649524	-0.0013901
3.44092e-07	0.647649	0.649581	-0.00148983
3.42611e-07	0.645436	0.647636	-0.00170139
3.41143e-07	0.644014	0.646249	-0.00173239
3.39687e-07	0.642771	0.644958	-0.00169843
3.38244e-07	0.641467	0.643698	-0.00173616
3.36812e-07	0.640285	0.642458	-0.00169385
3.35393e-07	0.638839	0.641156	-0.00181017
3.33986e-07	0.637501	0.639705	-0.00172568
3.32591e-07	0.635914	0.638135	-0.00174381
3.31207e-07	0.634387	0.636552	-0.0017036
3.29834e-07	0.632778	0.634989	-0.00174403
3.28473e-07	0.631176	0.633399	-0.00175807
3.27123e-07	0.629711	0.631808	-0.00166269
3.25784e-07	0.628242	0.630356	-0.00167988
3.24457e-07	0.627086	0.629141	-0.00163536
3.23139e-07	0.625975	0.628114	-0.00170536
3.21833e-07	0.625238	0.627228	-0.00158932
3.20537e-07	0.624619	0.62657	-0.00155988
3.19251e-07	0.624309	0.62623	-0.00153615
3.17976e-07	0.624183	0.626127	-0.00155446
3.16711e-07	0.624228	0.62612	-0.00151298
3.15456e-07	0.624496	0.626222	-0.00138079
3.14211e-07	0.624789	0.626535	-0.00139517
3.12975e-07	0.625299	0.627002	-0.00136003
3.11749e-07	0.625751	0.627453	-0.00135765
3.10533e-07	0.626435	0.627911	-0.00117665
3.09326e-07	0.626876	0.628202	-0.0010559
3.08129e-07	0.626957	0.628247	-0.00102793
3.06941e-07	0.625956	0.627311	-0.00108094
3.05762e-07	0.624942	0.626215	-0.00101771
3.04592e-07	0.623824	0.625017	-0.000955276
3.03431e-07	0.622481	0.623803	-0.00106112
3.02278e-07	0.62116	0.622467	-0.00105092
3.01135e-07	0.619632	0.620945	-0.0010583
3e-07	0.61828	0.619433	-0.000931893
