1.2e-06	0.395562	0.400933	-0.00674372
1.18218e-06	0.430102	0.436595	-0.00749248
1.16488e-06	0.462681	0.469175	-0.00696844
1.14808e-06	0.487932	0.495932	-0.00813159
1.13175e-06	0.504157	0.512657	-0.00835984
1.11589e-06	0.509224	0.518773	-0.00928874
1.10046e-06	0.500836	0.512342	-0.0113564
1.08545e-06	0.481303	0.494973	-0.0140022
1.07085e-06	0.455229	0.473002	-0.0191469
1.05664e-06	0.448716	0.472759	-0.0260915
1.04279e-06	0.513179	0.540243	-0.0256918
1.02931e-06	0.576795	0.597408	-0.0175548
1.01617e-06	0.553413	0.56776	-0.0127963
1.00336e-06	0.492718	0.502616	-0.00994504
9.90871e-07	0.424284	0.433621	-0.010884
9.78689e-07	0.357516	0.365789	-0.0114376
9.66802e-07	0.293685	0.301679	-0.0134271
9.552e-07	0.233366	0.241947	-0.0180545
9.43874e-07	0.180038	0.18834	-0.0225355
9.32813e-07	0.134909	0.143812	-0.0319432
9.22008e-07	0.101713	0.110968	-0.0435151
9.1145e-07	0.0861124	0.0959164	-0.0538596
9.01132e-07	0.0937759	0.103512	-0.0493493
8.91045e-07	0.125575	0.134415	-0.034
8.81181e-07	0.140136	0.144405	-0.0150022
8.71533e-07	0.0919204	0.0914808	0.00239662
8.62094e-07	0.0470488	0.0446157	0.0265433
8.52857e-07	0.0399668	0.0383323	0.0208747
8.43816e-07	0.0613423	0.0594698	0.0154994
8.34965e-07	0.0962519	0.0965302	-0.00144366
8.26298e-07	0.135063	0.135497	-0.00160183
8.17808e-07	0.193211	0.193093	0.00030592
8.09492e-07	0.269667	0.272138	-0.00455969
8.01342e-07	0.290327	0.308501	-0.0303492
7.93355e-07	0.36863	0.395192	-0.0347752
7.85526e-07	0.402264	0.42853	-0.0316161
7.7785e-07	0.429611	0.454223	-0.0278466
7.70323e-07	0.460746	0.476596	-0.0169095
7.62939e-07	0.488085	0.5017	-0.0137548
7.55696e-07	0.51149	0.523995	-0.0120763
7.48589e-07	0.535617	0.542761	-0.00662494
7.41615e-07	0.554115	0.561628	-0.00673303
7.34769e-07	0.56772	0.573728	-0.0052631
7.28049e-07	0.577793	0.583822	-0.00519063
7.2145e-07	0.580773	0.585867	-0.00436611
7.1497e-07	0.579544	0.584222	-0.0040199
7.08605e-07	0.57436	0.578993	-0.00401642
7.02353e-07	0.563302	0.56838	-0.00448671
6.9621e-07	0.549098	0.555578	-0.00586569
6.90173e-07	0.533934	0.540313	-0.00593797
6.84241e-07	0.521786	0.530154	-0.0079546
6.78409e-07	0.517225	0.52502	-0.00747875
6.72676e-07	0.519956	0.527942	-0.00762109
6.67039e-07	0.531261	0.537452	-0.00579283
6.61496e-07	0.543104	0.547843	-0.00434386
6.56044e-07	0.546613	0.549708	-0.00282251
6.50681e-07	0.548823	0.55007	-0.00113468
6.45405e-07	0.551813	0.552271	-0.000414563
6.40214e-07	0.555607	0.555475	0.000118921
6.35106e-07	0.560417	0.560045	0.000331668
6.30079e-07	0.564929	0.564489	0.000388858
6.25131e-07	0.570231	0.5697	0.000465806
6.2026e-07	0.57598	0.575211	0.000668048
6.15464e-07	0.58148	0.58156	-6.81361e-05
6.10742e-07	0.587302	0.588019	-0.000610396
6.06091e-07	0.592944	0.59456	-0.00136104
6.01511e-07	0.59898	0.601278	-0.00191485
5.97e-07	0.605834	0.608425	-0.00213406
5.92556e-07	0.61312	0.616472	-0.00272649
5.88177e-07	0.621252	0.624695	-0.00276295
5.83863e-07	0.629503	0.633158	-0.00289486
5.79612e-07	0.63758	0.641267	-0.00288314
5.75422e-07	0.645829	0.649282	-0.00266623
5.71292e-07	0.653365	0.65674	-0.00257639
5.67221e-07	0.66189	0.66513	-0.00244121
5.63208e-07	0.674707	0.677487	-0.00205607
5.59251e-07	0.680573	0.683476	-0.00212809
5.55349e-07	0.684969	0.687888	-0.00212602
5.51501e-07	0.688775	0.691552	-0.00201203
5.47706e-07	0.69185	0.694357	-0.00180886
5.43964e-07	0.694434	0.696757	-0.00166971
5.40271e-07	0.696343	0.698594	-0.00161424
5.36629e-07	0.697672	0.69952	-0.00132227
5.33036e-07	0.698336	0.70014	-0.00128928
5.2949e-07	0.698236	0.699793	-0.00111378
5.25991e-07	0.697918	0.69934	-0.00101761
5.22538e-07	0.697164	0.698354	-0.000853023
5.1913e-07	0.696122	0.69732	-0.000859894
5.15767e-07	0.695254	0.69621	-0.000686776
5.12446e-07	0.69409	0.694964	-0.000629311
5.09168e-07	0.692923	0.693849	-0.000667959
5.05932e-07	0.691862	0.692468	-0.000437651
5.02737e-07	0.690421	0.691211	-0.000571501
4.99582e-07	0.689038	0.689627	-0.00042767
4.96466e-07	0.687533	0.688079	-0.000396561
4.93388e-07	0.68567	0.68625	-0.000422384
4.90349e-07	0.683916	0.68438	-0.000338616
4.87347e-07	0.681937	0.68235	-0.000302847
4.84381e-07	0.679805	0.680262	-0.000336576
4.81452e-07	0.677872	0.678186	-0.000232021
4.78557e-07	0.675817	0.676107	-0.000214909
4.75697e-07	0.673939	0.674279	-0.00025212
4.72871e-07	0.672497	0.672578	-6.03907e-05
4.70079e-07	0.671509	0.671727	-0.000162537
4.67319e-07	0.671474	0.671225	0.000185531
4.64591e-07	0.665524	0.665188	0.000252347
4.61896e-07	0.659818	0.659658	0.000121219
4.59231e-07	0.655529	0.655251	0.000212248
4.56597e-07	0.651682	0.651505	0.000136019
4.53992e-07	0.64844	0.648253	0.000143736
4.51418e-07	0.645604	0.645346	0.000199798
4.48872e-07	0.642945	0.642776	0.000131347
4.46355e-07	0.640721	0.640481	0.000187532
4.43866e-07	0.638664	0.638409	0.000200098
4.41405e-07	0.636768	0.636572	0.000153971
4.38971e-07	0.635178	0.634871	0.000241457
4.36563e-07	0.633608	0.633364	0.000192612
4.34182e-07	0.63221	0.631927	0.000223963
4.31826e-07	0.630944	0.630615	0.000261283
4.29496e-07	0.629626	0.629332	0.0002336
4.27191e-07	0.628462	0.628108	0.000281945
4.24911e-07	0.627289	0.626916	0.000297304
4.22655e-07	0.626106	0.625745	0.000288414
4.20423e-07	0.625068	0.624638	0.000343958
4.18214e-07	0.623971	0.62354	0.000346091
4.16028e-07	0.62297	0.622531	0.000352125
4.13865e-07	0.622068	0.62154	0.000424835
4.11724e-07	0.621143	0.620662	0.000387461
4.09605e-07	0.62042	0.619843	0.000465254
4.07509e-07	0.619785	0.619195	0.000475859
4.05433e-07	0.619363	0.618753	0.000492416
4.03378e-07	0.619994	0.619278	0.000577669
4.01345e-07	0.620791	0.620025	0.000616826
3.99331e-07	0.626051	0.625235	0.000652349
3.97338e-07	0.627631	0.626719	0.000727101
3.95364e-07	0.628286	0.627544	0.000590872
3.9341e-07	0.628952	0.628354	0.000475844
3.91475e-07	0.629587	0.628723	0.000686767
3.8956e-07	0.62987	0.629144	0.000576901
3.87662e-07	0.63019	0.629597	0.000470444
3.85784e-07	0.630595	0.629799	0.000631582
3.83923e-07	0.630856	0.630187	0.000530834
3.8208e-07	0.631044	0.630382	0.000525433
3.80255e-07	0.631248	0.630543	0.000558355
3.78447e-07	0.631401	0.630715	0.000543578
3.76656e-07	0.631362	0.630661	0.00055491
3.74882e-07	0.631291	0.630655	0.000504459
3.73125e-07	0.631188	0.630437	0.000594855
3.71384e-07	0.630791	0.630127	0.000525853
3.69659e-07	0.630379	0.629744	0.000503882
3.67951e-07	0.62992	0.629145	0.000615266
3.66258e-07	0.629162	0.628571	0.000469669
3.6458e-07	0.628493	0.627822	0.000534506
3.62918e-07	0.6278	0.627106	0.000553288
3.61271e-07	0.626951	0.626414	0.000428207
3.59639e-07	0.626749	0.626117	0.00050453
3.58021e-07	0.626696	0.626292	0.000322225
3.56418e-07	0.627025	0.626928	7.75817e-05
3.54829e-07	0.627255	0.627192	5.01788e-05
3.53254e-07	0.627394	0.627385	6.67815e-06
3.51694e-07	0.627617	0.627741	-9.91629e-05
3.50147e-07	0.628131	0.628273	-0.000113145
3.48613e-07	0.628649	0.628858	-0.0001662
3.47093e-07	0.629341	0.629664	-0.00025627
3.45586e-07	0.630174	0.630466	-0.000232192
3.44092e-07	0.63094	0.631372	-0.00034233
3.42611e-07	0.631815	0.632268	-0.000358341
3.41143e-07	0.632628	0.6331	-0.000372791
3.39687e-07	0.633314	0.633925	-0.000482027
3.38244e-07	0.634006	0.634576	-0.000449172
3.36812e-07	0.634535	0.635232	-0.00054869
3.35393e-07	0.635024	0.63575	-0.000571245
3.33986e-07	0.635573	0.636358	-0.000617503
3.32591e-07	0.636385	0.637266	-0.000691592
3.31207e-07	0.637786	0.63881	-0.000802209
3.29834e-07	0.639721	0.641166	-0.00112769
3.28473e-07	0.63579	0.637246	-0.00114431
3.27123e-07	0.63309	0.634589	-0.00118233
3.25784e-07	0.630976	0.632484	-0.00119382
3.24457e-07	0.629227	0.630709	-0.00117611
3.23139e-07	0.62774	0.629247	-0.00119917
3.21833e-07	0.626525	0.628017	-0.00118921
3.20537e-07	0.62563	0.627116	-0.00118587
3.19251e-07	0.624914	0.62637	-0.0011638
3.17976e-07	0.624437	0.625939	-0.00120123
3.16711e-07	0.624195	0.625584	-0.00111153
3.15456e-07	0.623988	0.625455	-0.0011747
3.14211e-07	0.623948	0.625347	-0.00111998
3.12975e-07	0.623955	0.6253	-0.0010767
3.11749e-07	0.623835	0.625249	-0.00113211
3.10533e-07	0.62379	0.625072	-0.00102701
3.09326e-07	0.623575	0.624888	-0.0010513
3.08129e-07	0.623155	0.624432	-0.00102417
3.06941e-07	0.622733	0.62395	-0.00097579
3.05762e-07	0.62199	0.623155	-0.000935278
3.04592e-07	0.621096	0.622293	-0.000962979
3.03431e-07	0.620189	0.621217	-0.000827872
3.02278e-07	0.618976	0.620044	-0.000861778
3.01135e-07	0.617836	0.618861	-0.000828597
3e-07	0.616753	0.617587	-0.000675279
