1.2e-06	0.453559	0.456489	-0.00322023
1.18218e-06	0.487266	0.490285	-0.00308819
1.16488e-06	0.512168	0.515493	-0.00323552
1.14808e-06	0.527304	0.530342	-0.00287185
1.13175e-06	0.532368	0.534495	-0.00199403
1.11589e-06	0.52701	0.528549	-0.00145841
1.10046e-06	0.512221	0.513473	-0.00122056
1.08545e-06	0.490249	0.490404	-0.000158196
1.07085e-06	0.463326	0.461204	0.00229556
1.05664e-06	0.436188	0.430646	0.00639389
1.04279e-06	0.424172	0.412801	0.0135856
1.02931e-06	0.457195	0.437744	0.0217344
1.01617e-06	0.516117	0.49504	0.0208448
1.00336e-06	0.504846	0.491669	0.0132235
9.90871e-07	0.441487	0.435569	0.0067479
9.78689e-07	0.372822	0.370529	0.0030839
9.66802e-07	0.310137	0.309714	0.000683377
9.552e-07	0.253782	0.254912	-0.00222249
9.43874e-07	0.203876	0.206016	-0.00522106
9.32813e-07	0.160408	0.162865	-0.00760015
9.22008e-07	0.122857	0.125544	-0.0108182
9.1145e-07	0.0917175	0.0944883	-0.0148803
9.01132e-07	0.0685768	0.0705109	-0.0139056
8.91045e-07	0.054979	0.0547737	0.00187062
8.81181e-07	0.053366	0.0490408	0.0422356
8.71533e-07	0.0613075	0.0551774	0.0526251
8.62094e-07	0.0641809	0.0690685	-0.0366801
8.52857e-07	0.0775713	0.0927597	-0.0891699
8.43816e-07	0.104379	0.129321	-0.106725
8.34965e-07	0.134685	0.171177	-0.11931
8.26298e-07	0.144823	0.18331	-0.117289
8.17808e-07	0.163877	0.185764	-0.0625989
8.09492e-07	0.226204	0.23783	-0.0250559
8.01342e-07	0.316475	0.325078	-0.0134095
7.93355e-07	0.436359	0.447822	-0.0129649
7.85526e-07	0.429896	0.486352	-0.061616
7.7785e-07	0.497552	0.54923	-0.0493687
7.70323e-07	0.504515	0.554331	-0.0470475
7.62939e-07	0.514392	0.557367	-0.0400984
7.55696e-07	0.52987	0.569316	-0.0358865
7.48589e-07	0.545378	0.582291	-0.0327343
7.41615e-07	0.556821	0.590045	-0.0289697
7.34769e-07	0.561432	0.590159	-0.0249459
7.28049e-07	0.558189	0.581955	-0.020845
7.2145e-07	0.549554	0.56649	-0.015175
7.1497e-07	0.540118	0.548051	-0.00729021
7.08605e-07	0.532489	0.531605	0.000830963
7.02353e-07	0.527138	0.519452	0.00734327
6.9621e-07	0.524844	0.512397	0.0120002
6.90173e-07	0.525656	0.51081	0.0143237
6.84241e-07	0.529221	0.514973	0.0136447
6.78409e-07	0.535445	0.524058	0.0107472
6.72676e-07	0.544132	0.535552	0.00794621
6.67039e-07	0.554383	0.547301	0.00642814
6.61496e-07	0.565915	0.560101	0.00516265
6.56044e-07	0.579747	0.575395	0.00376818
6.50681e-07	0.595241	0.591505	0.00314765
6.45405e-07	0.602769	0.597679	0.00424017
6.40214e-07	0.591471	0.58697	0.00381921
6.35106e-07	0.586749	0.582451	0.00367563
6.30079e-07	0.585314	0.581559	0.00321739
6.25131e-07	0.585565	0.582289	0.00280551
6.2026e-07	0.586781	0.584207	0.00219774
6.15464e-07	0.588982	0.587	0.00168482
6.10742e-07	0.592193	0.59032	0.00158362
6.06091e-07	0.595764	0.594009	0.001475
6.01511e-07	0.599348	0.598035	0.00109622
5.97e-07	0.603495	0.602436	0.000878318
5.92556e-07	0.608341	0.607212	0.00092879
5.88177e-07	0.613211	0.612296	0.000746102
5.83863e-07	0.617908	0.617547	0.000292749
5.79612e-07	0.622886	0.622813	5.82634e-05
5.75422e-07	0.627999	0.62799	7.80014e-06
5.71292e-07	0.632575	0.632923	-0.000274639
5.67221e-07	0.636645	0.63745	-0.00063203
5.63208e-07	0.640658	0.641521	-0.000673114
5.59251e-07	0.644394	0.645199	-0.000624053
5.55349e-07	0.648183	0.649385	-0.000926184
5.51501e-07	0.653746	0.654752	-0.000769077
5.47706e-07	0.657157	0.658151	-0.000756102
5.43964e-07	0.659733	0.660716	-0.000744003
5.40271e-07	0.661317	0.6627	-0.00104446
5.36629e-07	0.662463	0.66416	-0.00127917
5.33036e-07	0.663514	0.665064	-0.0011663
5.2949e-07	0.664004	0.665405	-0.00105383
5.25991e-07	0.663748	0.665287	-0.00115771
5.22538e-07	0.663293	0.664862	-0.00118069
5.1913e-07	0.662878	0.664233	-0.00102083
5.15767e-07	0.66213	0.663412	-0.000966961
5.12446e-07	0.66101	0.662372	-0.00102913
5.09168e-07	0.659894	0.661115	-0.000924352
5.05932e-07	0.658733	0.659682	-0.000720188
5.02737e-07	0.657173	0.658103	-0.000706871
4.99582e-07	0.655321	0.656359	-0.000791235
4.96466e-07	0.653457	0.654398	-0.00071908
4.93388e-07	0.6514	0.652185	-0.000602378
4.90349e-07	0.648931	0.649741	-0.000623854
4.87347e-07	0.646316	0.647132	-0.000630871
4.84381e-07	0.64376	0.644422	-0.000513571
4.81452e-07	0.641025	0.641643	-0.000481941
4.78557e-07	0.638039	0.638801	-0.000596856
4.75697e-07	0.635151	0.635913	-0.000599526
4.72871e-07	0.632462	0.63303	-0.000449388
4.70079e-07	0.629718	0.630237	-0.000411762
4.67319e-07	0.626987	0.627615	-0.000500197
4.64591e-07	0.62463	0.625225	-0.000475956
4.61896e-07	0.622652	0.623124	-0.000379192
4.59231e-07	0.620949	0.621414	-0.000374977
4.56597e-07	0.618838	0.619103	-0.000214712
4.53992e-07	0.61586	0.616021	-0.000130948
4.51418e-07	0.613034	0.613005	2.35979e-05
4.48872e-07	0.610467	0.610497	-2.42547e-05
4.46355e-07	0.608187	0.608326	-0.000114213
4.43866e-07	0.606378	0.606406	-2.27664e-05
4.41405e-07	0.604777	0.604681	7.99134e-05
4.38971e-07	0.603143	0.603116	2.27702e-05
4.36563e-07	0.601676	0.601688	-9.70674e-06
4.34182e-07	0.600495	0.600374	0.000100354
4.31826e-07	0.599325	0.599148	0.000147067
4.29496e-07	0.598047	0.59798	5.57161e-05
4.27191e-07	0.596901	0.596842	4.98557e-05
4.24911e-07	0.595929	0.59572	0.000175127
4.22655e-07	0.594866	0.594617	0.00020928
4.20423e-07	0.593704	0.593543	0.000135775
4.18214e-07	0.592695	0.592507	0.000158624
4.16028e-07	0.591807	0.591507	0.000253683
4.13865e-07	0.590817	0.590538	0.000236429
4.11724e-07	0.589814	0.589604	0.000178432
4.09605e-07	0.589023	0.588723	0.000254875
4.07509e-07	0.588342	0.587922	0.000357283
4.05433e-07	0.587598	0.587225	0.00031775
4.03378e-07	0.586955	0.586645	0.0002643
4.01345e-07	0.586593	0.586189	0.000344259
3.99331e-07	0.586371	0.585886	0.000413942
3.97338e-07	0.586295	0.585862	0.000369065
3.95364e-07	0.586944	0.586476	0.000398903
3.9341e-07	0.587742	0.587126	0.000523854
3.91475e-07	0.590637	0.589914	0.000612759
3.8956e-07	0.594917	0.594433	0.00040677
3.87662e-07	0.596491	0.595923	0.000476246
3.85784e-07	0.597602	0.596839	0.000638044
3.83923e-07	0.598344	0.597476	0.000726103
3.8208e-07	0.598732	0.597931	0.000669423
3.80255e-07	0.59901	0.598287	0.000604647
3.78447e-07	0.599307	0.598583	0.000604047
3.76656e-07	0.599533	0.598805	0.000607688
3.74882e-07	0.599668	0.59892	0.000624105
3.73125e-07	0.599762	0.598932	0.000692198
3.71384e-07	0.599734	0.598869	0.000721429
3.69659e-07	0.599515	0.598734	0.000651426
3.67951e-07	0.59924	0.598499	0.000618584
3.66258e-07	0.598987	0.598137	0.000710146
3.6458e-07	0.598589	0.597661	0.000776121
3.62918e-07	0.597983	0.597124	0.000719335
3.61271e-07	0.597405	0.596582	0.000689413
3.59639e-07	0.596992	0.596072	0.000770565
3.58021e-07	0.596574	0.595617	0.000802821
3.56418e-07	0.596103	0.595249	0.000716415
3.54829e-07	0.595856	0.595034	0.00069
3.53254e-07	0.596314	0.595474	0.000704751
3.51694e-07	0.597115	0.595998	0.000936429
3.50147e-07	0.598248	0.597254	0.000831935
3.48613e-07	0.599806	0.599275	0.00044316
3.47093e-07	0.600837	0.600336	0.000417381
3.45586e-07	0.601748	0.601297	0.000374592
3.44092e-07	0.602546	0.602234	0.000258486
3.42611e-07	0.603399	0.603136	0.000217397
3.41143e-07	0.60432	0.603998	0.000265964
3.39687e-07	0.605107	0.6048	0.000254119
3.38244e-07	0.605686	0.605484	0.00016695
3.36812e-07	0.606166	0.605993	0.000142414
3.35393e-07	0.606552	0.606314	0.000196148
3.33986e-07	0.606729	0.606479	0.000205696
3.32591e-07	0.606708	0.606532	0.000144734
3.31207e-07	0.606624	0.606507	9.6448e-05
3.29834e-07	0.606544	0.606446	8.08858e-05
3.28473e-07	0.606519	0.606444	6.18436e-05
3.27123e-07	0.606774	0.60672	4.50661e-05
3.25784e-07	0.607655	0.60752	0.000111262
3.24457e-07	0.608171	0.608161	8.38313e-06
3.23139e-07	0.609565	0.609686	-9.93013e-05
3.21833e-07	0.609395	0.609683	-0.000236248
3.20537e-07	0.607336	0.607536	-0.000164626
3.19251e-07	0.606121	0.606246	-0.000103813
3.17976e-07	0.60532	0.605445	-0.000103427
3.16711e-07	0.604885	0.605007	-0.000100805
3.15456e-07	0.604723	0.604829	-8.79484e-05
3.14211e-07	0.604676	0.604806	-0.000106873
3.12975e-07	0.604706	0.604843	-0.000113766
3.11749e-07	0.604824	0.60488	-4.60144e-05
3.10533e-07	0.604909	0.604879	2.51495e-05
3.09326e-07	0.604809	0.604801	6.43208e-06
3.08129e-07	0.604542	0.604584	-3.4644e-05
3.06941e-07	0.604166	0.604157	7.15835e-06
3.05762e-07	0.603577	0.603479	8.147e-05
3.04592e-07	0.60269	0.602567	0.000102404
3.03431e-07	0.601629	0.601485	0.000120025
3.02278e-07	0.60053	0.600306	0.000186899
3.01135e-07	0.599343	0.599076	0.000222471
3e-07	0.598052	0.597826	0.000189105
