1.2e-06	0.308455	0.315931	-0.0119741
1.18218e-06	0.342734	0.351749	-0.0129813
1.16488e-06	0.384151	0.394725	-0.013576
1.14808e-06	0.4251	0.436256	-0.0129512
1.13175e-06	0.458285	0.470159	-0.0127901
1.11589e-06	0.478536	0.491439	-0.0133019
1.10046e-06	0.483984	0.497726	-0.0139988
1.08545e-06	0.475701	0.490955	-0.0157796
1.07085e-06	0.45672	0.473031	-0.0175427
1.05664e-06	0.433291	0.4509	-0.0199151
1.04279e-06	0.421312	0.442197	-0.0241864
1.02931e-06	0.45169	0.474553	-0.0246841
1.01617e-06	0.520808	0.541096	-0.0191048
1.00336e-06	0.532533	0.547401	-0.0137675
9.90871e-07	0.470322	0.480809	-0.0110262
9.78689e-07	0.387426	0.396597	-0.011697
9.66802e-07	0.308869	0.317953	-0.0144929
9.552e-07	0.240906	0.249127	-0.0167763
9.43874e-07	0.185118	0.193356	-0.0217687
9.32813e-07	0.143185	0.151375	-0.0278041
9.22008e-07	0.118355	0.126008	-0.031319
9.1145e-07	0.11493	0.122	-0.0298406
9.01132e-07	0.135891	0.14014	-0.0153919
8.91045e-07	0.174713	0.17427	0.00126757
8.81181e-07	0.19693	0.190248	0.0172592
8.71533e-07	0.15907	0.146728	0.0403592
8.62094e-07	0.092478	0.0797435	0.0739425
8.52857e-07	0.0543495	0.0442282	0.102673
8.43816e-07	0.0545127	0.0473431	0.0703901
8.34965e-07	0.0831481	0.0777995	0.0332317
8.26298e-07	0.13162	0.126402	0.0202217
8.17808e-07	0.195749	0.194864	0.00226496
8.09492e-07	0.272575	0.271251	0.0024356
8.01342e-07	0.353261	0.361177	-0.0110806
7.93355e-07	0.397554	0.420539	-0.028096
7.85526e-07	0.419644	0.449886	-0.0347787
7.7785e-07	0.442629	0.474259	-0.0344974
7.70323e-07	0.467164	0.494373	-0.0282975
7.62939e-07	0.492397	0.517397	-0.0247576
7.55696e-07	0.518445	0.540042	-0.0204035
7.48589e-07	0.544594	0.560819	-0.0146783
7.41615e-07	0.568006	0.579826	-0.0102977
7.34769e-07	0.585833	0.595243	-0.00796741
7.28049e-07	0.597505	0.606049	-0.00709932
7.2145e-07	0.604271	0.611063	-0.00558865
7.1497e-07	0.607245	0.612127	-0.00400388
7.08605e-07	0.606015	0.610705	-0.00385473
7.02353e-07	0.599812	0.605198	-0.00446934
6.9621e-07	0.589937	0.596601	-0.00561651
6.90173e-07	0.579335	0.586764	-0.00637109
6.84241e-07	0.570856	0.578355	-0.00652469
6.78409e-07	0.567797	0.575832	-0.00702534
6.72676e-07	0.572127	0.579195	-0.00613945
6.67039e-07	0.585288	0.589352	-0.00345968
6.61496e-07	0.589568	0.59119	-0.00137379
6.56044e-07	0.590857	0.590591	0.000224691
6.50681e-07	0.587778	0.586881	0.000763262
6.45405e-07	0.587373	0.585983	0.00118457
6.40214e-07	0.588697	0.586653	0.00173895
6.35106e-07	0.591614	0.589562	0.00173705
6.30079e-07	0.595168	0.593202	0.001654
6.25131e-07	0.598737	0.59677	0.00164514
6.2026e-07	0.60274	0.601154	0.00131716
6.15464e-07	0.607338	0.605838	0.00123676
6.10742e-07	0.612268	0.610855	0.00115527
6.06091e-07	0.617509	0.61615	0.00110112
6.01511e-07	0.62311	0.621332	0.00142892
5.97e-07	0.629105	0.627362	0.00138775
5.92556e-07	0.635485	0.634146	0.00105461
5.88177e-07	0.64199	0.641148	0.000656233
5.83863e-07	0.648428	0.648379	3.75666e-05
5.79612e-07	0.654886	0.655287	-0.000305973
5.75422e-07	0.66137	0.662202	-0.000628816
5.71292e-07	0.667718	0.669194	-0.00110406
5.67221e-07	0.676349	0.677894	-0.00114056
5.63208e-07	0.688066	0.689993	-0.00139883
5.59251e-07	0.69424	0.69598	-0.00125173
5.55349e-07	0.698858	0.700274	-0.00101242
5.51501e-07	0.702487	0.704529	-0.00145123
5.47706e-07	0.705672	0.707769	-0.00148316
5.43964e-07	0.708675	0.710128	-0.00102401
5.40271e-07	0.711264	0.712622	-0.000953784
5.36629e-07	0.713084	0.714167	-0.000759311
5.33036e-07	0.714102	0.714933	-0.000581574
5.2949e-07	0.714579	0.715547	-0.000677096
5.25991e-07	0.714697	0.715366	-0.000468088
5.22538e-07	0.714439	0.714866	-0.000298899
5.1913e-07	0.713801	0.714262	-0.000322846
5.15767e-07	0.71293	0.713254	-0.000226783
5.12446e-07	0.711971	0.712262	-0.000204448
5.09168e-07	0.71091	0.711114	-0.000142984
5.05932e-07	0.709673	0.709781	-7.62968e-05
5.02737e-07	0.708276	0.708452	-0.00012425
4.99582e-07	0.706787	0.706844	-4.0387e-05
4.96466e-07	0.705187	0.705179	5.33097e-06
4.93388e-07	0.703404	0.703394	6.67271e-06
4.90349e-07	0.701454	0.70136	6.71557e-05
4.87347e-07	0.699447	0.699406	2.94334e-05
4.84381e-07	0.697447	0.697274	0.000124325
4.81452e-07	0.695436	0.695127	0.000222575
4.78557e-07	0.693447	0.693209	0.000171643
4.75697e-07	0.691625	0.691224	0.000290531
4.72871e-07	0.690133	0.689703	0.00031187
4.70079e-07	0.689218	0.688737	0.000349106
4.67319e-07	0.688413	0.687054	0.000987854
4.64591e-07	0.682862	0.681794	0.000782662
4.61896e-07	0.677378	0.676698	0.000502173
4.59231e-07	0.673284	0.672403	0.000654455
4.56597e-07	0.669772	0.668905	0.000647201
4.53992e-07	0.666565	0.66583	0.000551524
4.51418e-07	0.663701	0.662975	0.000546739
4.48872e-07	0.661266	0.660631	0.000480487
4.46355e-07	0.659164	0.658396	0.000582521
4.43866e-07	0.657208	0.656396	0.000618077
4.41405e-07	0.655359	0.654726	0.000483367
4.38971e-07	0.653722	0.653034	0.000526385
4.36563e-07	0.652325	0.651597	0.000558262
4.34182e-07	0.651033	0.650291	0.000570305
4.31826e-07	0.649723	0.648916	0.000621237
4.29496e-07	0.648436	0.647762	0.000519571
4.27191e-07	0.647268	0.646564	0.000543947
4.24911e-07	0.646191	0.645339	0.000659944
4.22655e-07	0.645088	0.644295	0.00061521
4.20423e-07	0.643942	0.643139	0.000623845
4.18214e-07	0.642861	0.64206	0.00062297
4.16028e-07	0.64191	0.641113	0.000620982
4.13865e-07	0.641017	0.640062	0.000745258
4.11724e-07	0.64011	0.639189	0.000719796
4.09605e-07	0.639259	0.638409	0.000665498
4.07509e-07	0.638612	0.637637	0.000764597
4.05433e-07	0.638308	0.637275	0.00080977
4.03378e-07	0.638746	0.637631	0.000873681
4.01345e-07	0.638947	0.637752	0.000935541
3.99331e-07	0.643573	0.642534	0.000808164
3.97338e-07	0.644875	0.643789	0.000842976
3.95364e-07	0.645498	0.644311	0.000920563
3.9341e-07	0.645823	0.644767	0.000818018
3.91475e-07	0.645998	0.645152	0.00065546
3.8956e-07	0.646183	0.645433	0.000581076
3.87662e-07	0.646447	0.645602	0.000654579
3.85784e-07	0.646732	0.645881	0.000658395
3.83923e-07	0.646958	0.646191	0.000593347
3.8208e-07	0.647118	0.646264	0.000659784
3.80255e-07	0.647231	0.646433	0.000617027
3.78447e-07	0.647286	0.646612	0.000521183
3.76656e-07	0.647256	0.646482	0.000597981
3.74882e-07	0.647139	0.646412	0.000562254
3.73125e-07	0.646939	0.646274	0.000514764
3.71384e-07	0.646612	0.645814	0.000617457
3.69659e-07	0.646103	0.645389	0.000552744
3.67951e-07	0.645437	0.644845	0.00045848
3.66258e-07	0.644706	0.64406	0.000501131
3.6458e-07	0.643963	0.643343	0.000482113
3.62918e-07	0.64317	0.642553	0.000479561
3.61271e-07	0.642341	0.641737	0.000470763
3.59639e-07	0.642182	0.64169	0.00038302
3.58021e-07	0.642187	0.641857	0.000256512
3.56418e-07	0.642805	0.642583	0.000173046
3.54829e-07	0.642983	0.642827	0.000121144
3.53254e-07	0.643116	0.643055	4.71707e-05
3.51694e-07	0.643348	0.643405	-4.45765e-05
3.50147e-07	0.643783	0.643897	-8.86125e-05
3.48613e-07	0.644402	0.644537	-0.00010482
3.47093e-07	0.645101	0.645287	-0.000144143
3.45586e-07	0.645817	0.646082	-0.000204934
3.44092e-07	0.646573	0.646971	-0.000307623
3.42611e-07	0.647383	0.64782	-0.000336947
3.41143e-07	0.648182	0.648588	-0.000313742
3.39687e-07	0.64887	0.649365	-0.00038082
3.38244e-07	0.649417	0.649961	-0.00041879
3.36812e-07	0.64986	0.650454	-0.000456807
3.35393e-07	0.650262	0.650991	-0.000560434
3.33986e-07	0.650714	0.651424	-0.000545538
3.32591e-07	0.651765	0.652523	-0.000581163
3.31207e-07	0.652502	0.653542	-0.000796387
3.29834e-07	0.654086	0.655487	-0.00107019
3.28473e-07	0.650476	0.651905	-0.00109731
3.27123e-07	0.647977	0.649351	-0.00105944
3.25784e-07	0.645955	0.647283	-0.0010273
3.24457e-07	0.644297	0.645697	-0.00108563
3.23139e-07	0.642952	0.644298	-0.00104525
3.21833e-07	0.641874	0.643147	-0.000990874
3.20537e-07	0.641048	0.642403	-0.00105603
3.19251e-07	0.64048	0.641764	-0.00100157
3.17976e-07	0.640146	0.641366	-0.000951956
3.16711e-07	0.63998	0.641256	-0.000996105
3.15456e-07	0.639922	0.641115	-0.000930848
3.14211e-07	0.639952	0.641142	-0.000929239
3.12975e-07	0.64004	0.64125	-0.000943927
3.11749e-07	0.640109	0.641171	-0.000829034
3.10533e-07	0.640068	0.641157	-0.00085052
3.09326e-07	0.639887	0.641008	-0.000875234
3.08129e-07	0.639586	0.640585	-0.000779981
3.06941e-07	0.63915	0.640153	-0.000783858
3.05762e-07	0.638517	0.63945	-0.000729452
3.04592e-07	0.637663	0.638511	-0.000664557
3.03431e-07	0.636657	0.637587	-0.000729813
3.02278e-07	0.635599	0.63642	-0.000645512
3.01135e-07	0.634526	0.635223	-0.000549554
3e-07	0.633436	0.63417	-0.000579485
