1.2e-06	0.510055	0.513315	-0.00318519
1.18218e-06	0.530848	0.534067	-0.00302344
1.16488e-06	0.543121	0.546313	-0.0029295
1.14808e-06	0.546684	0.549738	-0.00278591
1.13175e-06	0.541854	0.544505	-0.00243987
1.11589e-06	0.529188	0.531038	-0.00174454
1.10046e-06	0.509381	0.50992	-0.000529067
1.08545e-06	0.483487	0.481975	0.00156574
1.07085e-06	0.453826	0.448891	0.00546628
1.05664e-06	0.42691	0.415728	0.0132701
1.04279e-06	0.421361	0.398923	0.0273533
1.02931e-06	0.466424	0.430667	0.0398595
1.01617e-06	0.513373	0.479425	0.0341941
1.00336e-06	0.479582	0.460019	0.0208212
9.90871e-07	0.410095	0.401853	0.0101508
9.78689e-07	0.341004	0.339714	0.00189519
9.66802e-07	0.278632	0.281976	-0.00596443
9.552e-07	0.222799	0.229757	-0.0153748
9.43874e-07	0.173067	0.183377	-0.0289251
9.32813e-07	0.129592	0.143644	-0.0514283
9.22008e-07	0.0932266	0.112245	-0.0925581
9.1145e-07	0.0657682	0.0922891	-0.167793
9.01132e-07	0.0505245	0.0892415	-0.277012
8.91045e-07	0.051582	0.108746	-0.356545
8.81181e-07	0.0603011	0.129944	-0.36607
8.71533e-07	0.049838	0.103519	-0.350038
8.62094e-07	0.041411	0.0770341	-0.300756
8.52857e-07	0.0558375	0.0889143	-0.228507
8.43816e-07	0.0838995	0.125767	-0.199687
8.34965e-07	0.0933819	0.130488	-0.165747
8.26298e-07	0.112951	0.13279	-0.0807294
8.17808e-07	0.164024	0.175853	-0.0348049
8.09492e-07	0.236234	0.246642	-0.0215543
8.01342e-07	0.325708	0.336697	-0.0165893
7.93355e-07	0.437301	0.440247	-0.00335696
7.85526e-07	0.477847	0.502983	-0.0256268
7.7785e-07	0.506948	0.574856	-0.062773
7.70323e-07	0.516114	0.583714	-0.0614641
7.62939e-07	0.519689	0.582527	-0.057011
7.55696e-07	0.522794	0.579458	-0.0514076
7.48589e-07	0.523536	0.572498	-0.0446718
7.41615e-07	0.520533	0.559882	-0.0364206
7.34769e-07	0.514614	0.542037	-0.0259524
7.28049e-07	0.50783	0.521415	-0.0131994
7.2145e-07	0.501975	0.50117	0.000802278
7.1497e-07	0.498089	0.484203	0.0141367
7.08605e-07	0.496744	0.473008	0.0244766
7.02353e-07	0.497876	0.468394	0.0305118
6.9621e-07	0.50116	0.46959	0.0325215
6.90173e-07	0.506318	0.475998	0.0308661
6.84241e-07	0.51338	0.487746	0.0256058
6.78409e-07	0.522468	0.503758	0.0182325
6.72676e-07	0.53297	0.520983	0.0113735
6.67039e-07	0.544518	0.537373	0.00660379
6.61496e-07	0.557594	0.553904	0.00331998
6.56044e-07	0.572372	0.571738	0.000554033
6.50681e-07	0.589817	0.592593	-0.00234777
6.45405e-07	0.598453	0.600668	-0.00184678
6.40214e-07	0.587955	0.590892	-0.00249115
6.35106e-07	0.584213	0.586916	-0.00230768
6.30079e-07	0.583268	0.58612	-0.0024393
6.25131e-07	0.583846	0.586628	-0.00237693
6.2026e-07	0.585562	0.588033	-0.00210553
6.15464e-07	0.587969	0.590099	-0.00180735
6.10742e-07	0.590628	0.592453	-0.00154264
6.06091e-07	0.593658	0.595107	-0.00121873
6.01511e-07	0.597404	0.5984	-0.000832554
5.97e-07	0.601769	0.602365	-0.000495754
5.92556e-07	0.606404	0.606739	-0.000275932
5.88177e-07	0.611006	0.611299	-0.000239492
5.83863e-07	0.615396	0.615918	-0.000424289
5.79612e-07	0.619615	0.620528	-0.000735761
5.75422e-07	0.62378	0.625047	-0.00101532
5.71292e-07	0.627891	0.62936	-0.00116852
5.67221e-07	0.63183	0.633362	-0.00121109
5.63208e-07	0.635438	0.636996	-0.0012244
5.59251e-07	0.638623	0.640252	-0.00127378
5.55349e-07	0.641801	0.643694	-0.00147311
5.51501e-07	0.646424	0.648166	-0.00134577
5.47706e-07	0.649186	0.65103	-0.00141815
5.43964e-07	0.651412	0.653245	-0.00140431
5.40271e-07	0.653256	0.654983	-0.00132042
5.36629e-07	0.654643	0.656249	-0.001225
5.33036e-07	0.655487	0.657034	-0.00117893
5.2949e-07	0.655784	0.657361	-0.00120026
5.25991e-07	0.655633	0.657276	-0.00125181
5.22538e-07	0.655177	0.656842	-0.00126951
5.1913e-07	0.654531	0.656116	-0.00120969
5.15767e-07	0.653726	0.655141	-0.00108049
5.12446e-07	0.652719	0.653941	-0.000934821
5.09168e-07	0.651441	0.652525	-0.000831592
5.05932e-07	0.649861	0.650895	-0.000794845
5.02737e-07	0.648006	0.649044	-0.000800408
4.99582e-07	0.645938	0.64697	-0.000798206
4.96466e-07	0.643709	0.644678	-0.000751818
4.93388e-07	0.641323	0.642177	-0.000665055
4.90349e-07	0.63875	0.639487	-0.000576565
4.87347e-07	0.635961	0.636633	-0.000527964
4.84381e-07	0.632976	0.633649	-0.000530996
4.81452e-07	0.629869	0.630573	-0.000558614
4.78557e-07	0.626737	0.627447	-0.000566141
4.75697e-07	0.623661	0.624317	-0.000525732
4.72871e-07	0.620677	0.621233	-0.000447508
4.70079e-07	0.617786	0.618245	-0.000371017
4.67319e-07	0.614994	0.615405	-0.000334067
4.64591e-07	0.61235	0.612769	-0.000342017
4.61896e-07	0.609966	0.610406	-0.000359894
4.59231e-07	0.608042	0.608414	-0.000305795
4.56597e-07	0.606124	0.606219	-7.78313e-05
4.53992e-07	0.603361	0.603341	1.68902e-05
4.51418e-07	0.600646	0.600559	7.20884e-05
4.48872e-07	0.598324	0.598199	0.000104275
4.46355e-07	0.596247	0.596139	9.05109e-05
4.43866e-07	0.594383	0.594319	5.36687e-05
4.41405e-07	0.592734	0.592694	3.30539e-05
4.38971e-07	0.591294	0.59123	5.3593e-05
4.36563e-07	0.59002	0.589893	0.000107368
4.34182e-07	0.588844	0.588655	0.000160768
4.31826e-07	0.587704	0.587491	0.000180897
4.29496e-07	0.58657	0.586382	0.000160707
4.27191e-07	0.585458	0.585313	0.000123984
4.24911e-07	0.584398	0.584273	0.000106908
4.22655e-07	0.583409	0.583256	0.000130627
4.20423e-07	0.582477	0.582261	0.000185531
4.18214e-07	0.581567	0.581289	0.000238813
4.16028e-07	0.58065	0.580349	0.000259341
4.13865e-07	0.579728	0.579449	0.000240963
4.11724e-07	0.578838	0.578599	0.000206926
4.09605e-07	0.578032	0.577809	0.000192364
4.07509e-07	0.577344	0.577092	0.000218056
4.05433e-07	0.576777	0.57646	0.000275065
4.03378e-07	0.57631	0.575928	0.000331525
4.01345e-07	0.575929	0.575519	0.000356175
3.99331e-07	0.575658	0.575266	0.000340551
3.97338e-07	0.575597	0.575258	0.000294269
3.95364e-07	0.57623	0.575862	0.000319812
3.9341e-07	0.576733	0.576361	0.000322625
3.91475e-07	0.57962	0.57909	0.000457464
3.8956e-07	0.583734	0.583166	0.000486697
3.87662e-07	0.585275	0.584584	0.000591034
3.85784e-07	0.586164	0.585457	0.000603941
3.83923e-07	0.586728	0.586056	0.000572981
3.8208e-07	0.587133	0.586493	0.000544975
3.80255e-07	0.587476	0.586827	0.000552848
3.78447e-07	0.587787	0.587082	0.000600059
3.76656e-07	0.588047	0.587269	0.000662742
3.74882e-07	0.588213	0.58738	0.000708729
3.73125e-07	0.588253	0.587406	0.000720363
3.71384e-07	0.588169	0.58734	0.000705403
3.69659e-07	0.587985	0.587175	0.000689214
3.67951e-07	0.587728	0.586912	0.000695046
3.66258e-07	0.58741	0.586556	0.000727283
3.6458e-07	0.587026	0.586123	0.000769555
3.62918e-07	0.586574	0.585638	0.000798292
3.61271e-07	0.586073	0.585135	0.000800914
3.59639e-07	0.585576	0.584657	0.000784921
3.58021e-07	0.585153	0.584252	0.000771115
3.56418e-07	0.584881	0.583973	0.000776374
3.54829e-07	0.584825	0.583891	0.000799134
3.53254e-07	0.585222	0.584268	0.00081588
3.51694e-07	0.586518	0.585329	0.00101486
3.50147e-07	0.588112	0.587073	0.000883765
3.48613e-07	0.589773	0.589232	0.000459076
3.47093e-07	0.590762	0.590478	0.00024043
3.45586e-07	0.591718	0.591581	0.000115685
3.44092e-07	0.592721	0.592634	7.32858e-05
3.42611e-07	0.593744	0.593648	8.099e-05
3.41143e-07	0.594718	0.594603	9.73886e-05
3.39687e-07	0.595575	0.595464	9.31624e-05
3.38244e-07	0.596277	0.5962	6.50347e-05
3.36812e-07	0.59682	0.59678	3.29068e-05
3.35393e-07	0.597216	0.59719	2.19982e-05
3.33986e-07	0.597479	0.597429	4.24122e-05
3.32591e-07	0.597613	0.597517	8.02547e-05
3.31207e-07	0.597624	0.597497	0.000106126
3.29834e-07	0.597552	0.597439	9.51047e-05
3.28473e-07	0.597494	0.597441	4.46752e-05
3.27123e-07	0.597631	0.597658	-2.27713e-05
3.25784e-07	0.598507	0.598486	1.73953e-05
3.24457e-07	0.599007	0.599054	-3.96092e-05
3.23139e-07	0.600437	0.600458	-1.71827e-05
3.21833e-07	0.600362	0.600495	-0.000111143
3.20537e-07	0.598422	0.598542	-0.000100181
3.19251e-07	0.597284	0.597416	-0.000110116
3.17976e-07	0.596578	0.59675	-0.00014407
3.16711e-07	0.596206	0.596417	-0.000176903
3.15456e-07	0.596111	0.596331	-0.000184359
3.14211e-07	0.596228	0.596418	-0.000159405
3.12975e-07	0.596462	0.596601	-0.000116327
3.11749e-07	0.596711	0.596806	-7.97426e-05
3.10533e-07	0.596881	0.596961	-6.70399e-05
3.09326e-07	0.596911	0.597002	-7.68023e-05
3.08129e-07	0.596767	0.596876	-9.06849e-05
3.06941e-07	0.59644	0.596543	-8.67487e-05
3.05762e-07	0.595922	0.595987	-5.46362e-05
3.04592e-07	0.59521	0.595212	-2.10737e-06
3.03431e-07	0.594308	0.594247	5.11603e-05
3.02278e-07	0.593242	0.593138	8.7694e-05
3.01135e-07	0.592073	0.591949	0.000104024
3e-07	0.590888	0.590756	0.00011192
