1.2e-06	0.26836	0.277924	-0.0175077
1.18218e-06	0.294575	0.305516	-0.018232
1.16488e-06	0.332576	0.345227	-0.0186635
1.14808e-06	0.375181	0.389503	-0.0187292
1.13175e-06	0.414747	0.429332	-0.0172798
1.11589e-06	0.444239	0.459276	-0.016642
1.10046e-06	0.45941	0.474804	-0.0164784
1.08545e-06	0.460255	0.475313	-0.0160956
1.07085e-06	0.449236	0.463756	-0.0159039
1.05664e-06	0.430555	0.443534	-0.0148485
1.04279e-06	0.41523	0.426472	-0.0133556
1.02931e-06	0.428645	0.43627	-0.00881619
1.01617e-06	0.48692	0.488529	-0.00164921
1.00336e-06	0.510904	0.511351	-0.000437218
9.90871e-07	0.45526	0.458321	-0.00334981
9.78689e-07	0.377479	0.382388	-0.00645988
9.66802e-07	0.305847	0.312262	-0.0103784
9.552e-07	0.244067	0.251254	-0.014509
9.43874e-07	0.192396	0.200346	-0.0202433
9.32813e-07	0.151066	0.159236	-0.0263306
9.22008e-07	0.11971	0.127431	-0.0312422
9.1145e-07	0.0986357	0.106771	-0.039605
9.01132e-07	0.0891951	0.0971921	-0.0429055
8.91045e-07	0.092462	0.100079	-0.0395627
8.81181e-07	0.10913	0.116845	-0.0341437
8.71533e-07	0.138295	0.14514	-0.024149
8.62094e-07	0.166945	0.172002	-0.0149189
8.52857e-07	0.152762	0.154022	-0.0041095
8.43816e-07	0.0950545	0.0925993	0.0130835
8.34965e-07	0.0807227	0.0772996	0.0216625
8.26298e-07	0.11246	0.109715	0.0123564
8.17808e-07	0.161845	0.162137	-0.000899202
8.09492e-07	0.21716	0.219216	-0.0047119
8.01342e-07	0.280389	0.285513	-0.00905545
7.93355e-07	0.380189	0.395131	-0.0192719
7.85526e-07	0.403408	0.460184	-0.0657446
7.7785e-07	0.448344	0.512417	-0.0666895
7.70323e-07	0.460421	0.520365	-0.0611177
7.62939e-07	0.472447	0.533426	-0.0606228
7.55696e-07	0.487729	0.551092	-0.0609953
7.48589e-07	0.507334	0.566006	-0.0546629
7.41615e-07	0.531127	0.581265	-0.0450722
7.34769e-07	0.553241	0.598631	-0.0394053
7.28049e-07	0.568785	0.609185	-0.0342967
7.2145e-07	0.579015	0.613674	-0.0290595
7.1497e-07	0.585758	0.615972	-0.0251427
7.08605e-07	0.587896	0.611686	-0.0198317
7.02353e-07	0.585766	0.604666	-0.0158771
6.9621e-07	0.582374	0.597816	-0.0130847
6.90173e-07	0.578682	0.588272	-0.00821862
6.84241e-07	0.57392	0.580829	-0.00598303
6.78409e-07	0.570373	0.577661	-0.00634878
6.72676e-07	0.571154	0.577854	-0.00583114
6.67039e-07	0.575888	0.583261	-0.00636059
6.61496e-07	0.58363	0.591671	-0.00684198
6.56044e-07	0.595968	0.603007	-0.00587051
6.50681e-07	0.616262	0.620569	-0.003482
6.45405e-07	0.621484	0.622194	-0.000570328
6.40214e-07	0.610062	0.609026	0.000849821
6.35106e-07	0.604611	0.602752	0.00153984
6.30079e-07	0.6034	0.601006	0.00198813
6.25131e-07	0.603847	0.601904	0.00161134
6.2026e-07	0.604853	0.60313	0.00142677
6.15464e-07	0.606915	0.605746	0.000963692
6.10742e-07	0.610046	0.609909	0.000111646
6.06091e-07	0.613801	0.614206	-0.000329436
6.01511e-07	0.618341	0.619504	-0.000939088
5.97e-07	0.623955	0.625384	-0.00114334
5.92556e-07	0.630236	0.631502	-0.00100303
5.88177e-07	0.636575	0.638285	-0.00134132
5.83863e-07	0.642812	0.644639	-0.00141953
5.79612e-07	0.648845	0.650743	-0.00146074
5.75422e-07	0.654364	0.656662	-0.00175284
5.71292e-07	0.65942	0.661942	-0.00190852
5.67221e-07	0.664373	0.667164	-0.00209566
5.63208e-07	0.669188	0.671965	-0.00207104
5.59251e-07	0.673693	0.67659	-0.00214532
5.55349e-07	0.678728	0.68202	-0.00241907
5.51501e-07	0.688084	0.690693	-0.00189231
5.47706e-07	0.692708	0.695425	-0.00195688
5.43964e-07	0.695998	0.698768	-0.00198557
5.40271e-07	0.698504	0.701077	-0.00183894
5.36629e-07	0.700377	0.703149	-0.00197492
5.33036e-07	0.7016	0.704332	-0.00194347
5.2949e-07	0.702323	0.704838	-0.00178751
5.25991e-07	0.702713	0.705229	-0.00178743
5.22538e-07	0.702692	0.70494	-0.00159697
5.1913e-07	0.702265	0.704436	-0.00154359
5.15767e-07	0.701687	0.703819	-0.00151682
5.12446e-07	0.701018	0.702765	-0.00124469
5.09168e-07	0.700039	0.701698	-0.00118399
5.05932e-07	0.698755	0.70038	-0.00116168
5.02737e-07	0.697392	0.698812	-0.001017
4.99582e-07	0.695908	0.697188	-0.000918803
4.96466e-07	0.694099	0.695244	-0.000824221
4.93388e-07	0.692056	0.693213	-0.000835484
4.90349e-07	0.689982	0.691033	-0.000760855
4.87347e-07	0.687801	0.688643	-0.00061166
4.84381e-07	0.685396	0.686288	-0.000649836
4.81452e-07	0.682927	0.683762	-0.000611026
4.78557e-07	0.680547	0.681257	-0.000521047
4.75697e-07	0.678182	0.678849	-0.000491131
4.72871e-07	0.675804	0.67638	-0.000425792
4.70079e-07	0.67359	0.674203	-0.000454406
4.67319e-07	0.671672	0.672174	-0.000373803
4.64591e-07	0.670039	0.670359	-0.000238722
4.61896e-07	0.668747	0.66917	-0.000316736
4.59231e-07	0.668142	0.668425	-0.000211763
4.56597e-07	0.668222	0.667652	0.000426146
4.53992e-07	0.663344	0.663059	0.000214749
4.51418e-07	0.659245	0.659039	0.000156146
4.48872e-07	0.656081	0.655824	0.000195922
4.46355e-07	0.653363	0.653125	0.00018221
4.43866e-07	0.650992	0.650774	0.000167154
4.41405e-07	0.648957	0.648746	0.000162297
4.38971e-07	0.647153	0.646891	0.000202324
4.36563e-07	0.645475	0.645217	0.000199659
4.34182e-07	0.643931	0.64371	0.00017165
4.31826e-07	0.642521	0.642235	0.000222153
4.29496e-07	0.641169	0.640884	0.000222803
4.27191e-07	0.639846	0.639578	0.000209825
4.24911e-07	0.638577	0.63826	0.000248264
4.22655e-07	0.637341	0.637027	0.000245976
4.20423e-07	0.636094	0.635761	0.000261922
4.18214e-07	0.634864	0.634509	0.000279725
4.16028e-07	0.633679	0.633326	0.000278839
4.13865e-07	0.632521	0.632119	0.000318031
4.11724e-07	0.631398	0.631001	0.000314063
4.09605e-07	0.63036	0.629956	0.000320781
4.07509e-07	0.629408	0.628937	0.000374102
4.05433e-07	0.628516	0.628061	0.000362271
4.03378e-07	0.627726	0.627253	0.00037691
4.01345e-07	0.627088	0.626549	0.000429977
3.99331e-07	0.626583	0.626036	0.000436424
3.97338e-07	0.626246	0.625667	0.000462366
3.95364e-07	0.626384	0.625746	0.000510096
3.9341e-07	0.627136	0.62641	0.000578471
3.91475e-07	0.628992	0.628182	0.00064491
3.8956e-07	0.63273	0.63204	0.000544894
3.87662e-07	0.634023	0.633429	0.000468393
3.85784e-07	0.634875	0.634217	0.000519023
3.83923e-07	0.635469	0.634672	0.000627006
3.8208e-07	0.635837	0.635006	0.000653528
3.80255e-07	0.636039	0.635367	0.000528762
3.78447e-07	0.636145	0.635526	0.000486182
3.76656e-07	0.636211	0.635494	0.000563951
3.74882e-07	0.636221	0.635538	0.000536909
3.73125e-07	0.636062	0.635372	0.000542371
3.71384e-07	0.635693	0.63499	0.00055342
3.69659e-07	0.63524	0.634673	0.000446713
3.67951e-07	0.634784	0.634132	0.000514164
3.66258e-07	0.634206	0.633434	0.000609043
3.6458e-07	0.633428	0.632805	0.000491821
3.62918e-07	0.632606	0.631994	0.00048408
3.61271e-07	0.631869	0.631155	0.000564947
3.59639e-07	0.63113	0.63043	0.000554337
3.58021e-07	0.630337	0.629643	0.000550882
3.56418e-07	0.629647	0.628986	0.000524549
3.54829e-07	0.629173	0.62851	0.000527023
3.53254e-07	0.628838	0.628122	0.000569955
3.51694e-07	0.629218	0.628506	0.000566597
3.50147e-07	0.629857	0.629227	0.000499988
3.48613e-07	0.631172	0.630786	0.000305679
3.47093e-07	0.631989	0.631731	0.000204197
3.45586e-07	0.63272	0.632566	0.000121823
3.44092e-07	0.633459	0.633344	9.12351e-05
3.42611e-07	0.634185	0.634105	6.33826e-05
3.41143e-07	0.634826	0.634846	-1.58481e-05
3.39687e-07	0.635367	0.635461	-7.38037e-05
3.38244e-07	0.635798	0.635915	-9.20812e-05
3.36812e-07	0.636072	0.636287	-0.000169144
3.35393e-07	0.636177	0.636431	-0.000199308
3.33986e-07	0.636131	0.636387	-0.000200835
3.32591e-07	0.63592	0.636283	-0.00028554
3.31207e-07	0.635573	0.635975	-0.00031589
3.29834e-07	0.635221	0.635665	-0.000349197
3.28473e-07	0.634957	0.635463	-0.000397765
3.27123e-07	0.634809	0.635293	-0.000381119
3.25784e-07	0.634971	0.635586	-0.000484609
3.24457e-07	0.636017	0.636798	-0.000613229
3.23139e-07	0.637354	0.638203	-0.000665798
3.21833e-07	0.637143	0.638334	-0.000933902
3.20537e-07	0.635137	0.636388	-0.000983567
3.19251e-07	0.6341	0.635236	-0.000895493
3.17976e-07	0.633479	0.634554	-0.000847681
3.16711e-07	0.633016	0.634095	-0.000851612
3.15456e-07	0.632771	0.633912	-0.000900957
3.14211e-07	0.632809	0.633875	-0.000841548
3.12975e-07	0.632896	0.633811	-0.00072224
3.11749e-07	0.63284	0.633872	-0.000814414
3.10533e-07	0.632757	0.633791	-0.000815989
3.09326e-07	0.6327	0.633563	-0.000681455
3.08129e-07	0.632429	0.633303	-0.000690122
3.06941e-07	0.631836	0.632703	-0.000685528
3.05762e-07	0.631122	0.631976	-0.000676068
3.04592e-07	0.630341	0.631115	-0.000613343
3.03431e-07	0.629301	0.629929	-0.000498782
3.02278e-07	0.628037	0.628785	-0.000594824
3.01135e-07	0.626826	0.627517	-0.000550868
3e-07	0.625702	0.626157	-0.00036345
