1.2e-06	0.443436	0.454428	-0.0122424
1.18218e-06	0.488294	0.499332	-0.0111757
1.16488e-06	0.519341	0.530443	-0.0105753
1.14808e-06	0.534955	0.545587	-0.00983985
1.13175e-06	0.536373	0.546558	-0.00940487
1.11589e-06	0.526032	0.536203	-0.00957498
1.10046e-06	0.506672	0.516451	-0.00955796
1.08545e-06	0.481064	0.490044	-0.00924752
1.07085e-06	0.452121	0.460451	-0.009129
1.05664e-06	0.423303	0.430342	-0.00824569
1.04279e-06	0.399423	0.403725	-0.00535623
1.02931e-06	0.388043	0.388137	-0.000121333
1.01617e-06	0.400547	0.393638	0.00869995
1.00336e-06	0.442856	0.425303	0.020219
9.90871e-07	0.47043	0.445523	0.0271928
9.78689e-07	0.407596	0.388045	0.0245724
9.66802e-07	0.302025	0.292788	0.0155303
9.552e-07	0.218475	0.216782	0.00388982
9.43874e-07	0.163996	0.167126	-0.00945448
9.32813e-07	0.131103	0.13678	-0.0211918
9.22008e-07	0.114396	0.120874	-0.0275334
9.1145e-07	0.111594	0.117819	-0.0271331
9.01132e-07	0.122783	0.126687	-0.015649
8.91045e-07	0.149662	0.146211	0.0116618
8.81181e-07	0.183159	0.167062	0.0459632
8.71533e-07	0.201709	0.199589	0.00528272
8.62094e-07	0.253106	0.2642	-0.0214459
8.52857e-07	0.328489	0.345779	-0.0256431
8.43816e-07	0.431114	0.452169	-0.0238373
8.34965e-07	0.647043	0.645358	0.00130373
8.26298e-07	0.689803	0.713254	-0.0167139
8.17808e-07	0.689826	0.724046	-0.0242033
8.09492e-07	0.681554	0.722958	-0.0294794
8.01342e-07	0.668231	0.71358	-0.0328183
7.93355e-07	0.651361	0.704764	-0.0393791
7.85526e-07	0.632098	0.697144	-0.0489342
7.7785e-07	0.612528	0.684689	-0.0556272
7.70323e-07	0.596433	0.670147	-0.0581991
7.62939e-07	0.588032	0.66119	-0.0585627
7.55696e-07	0.589651	0.656947	-0.0539833
7.48589e-07	0.599068	0.652678	-0.0428282
7.41615e-07	0.609248	0.647376	-0.0303422
7.34769e-07	0.615087	0.639617	-0.0195503
7.28049e-07	0.618428	0.628098	-0.0077577
7.2145e-07	0.623573	0.617936	0.00454069
7.1497e-07	0.632884	0.616476	0.0131334
7.08605e-07	0.647586	0.624911	0.0178196
7.02353e-07	0.667641	0.640953	0.0203945
6.9621e-07	0.693286	0.667697	0.018802
6.90173e-07	0.718146	0.698381	0.0139531
6.84241e-07	0.696165	0.685087	0.00801981
6.78409e-07	0.685663	0.677589	0.00592256
6.72676e-07	0.679402	0.673504	0.00435963
6.67039e-07	0.674319	0.669797	0.00336421
6.61496e-07	0.669801	0.665794	0.00300003
6.56044e-07	0.665938	0.662777	0.00237897
6.50681e-07	0.662966	0.660496	0.00186648
6.45405e-07	0.660988	0.657767	0.00244276
6.40214e-07	0.659849	0.655553	0.00326613
6.35106e-07	0.659477	0.654978	0.00342314
6.30079e-07	0.659863	0.655303	0.00346654
6.25131e-07	0.660824	0.655996	0.00366602
6.2026e-07	0.662228	0.657487	0.00359254
6.15464e-07	0.664179	0.659763	0.0033348
6.10742e-07	0.666678	0.662379	0.0032342
6.06091e-07	0.669655	0.665358	0.00321885
6.01511e-07	0.673076	0.668727	0.00324121
5.97e-07	0.67681	0.672287	0.00335308
5.92556e-07	0.681742	0.678206	0.00260017
5.88177e-07	0.689806	0.687851	0.00141885
5.83863e-07	0.694353	0.69286	0.00107669
5.79612e-07	0.69829	0.696839	0.00104031
5.75422e-07	0.702066	0.700795	0.000905731
5.71292e-07	0.705781	0.704874	0.000642862
5.67221e-07	0.709399	0.7087	0.000493388
5.63208e-07	0.712841	0.712288	0.0003875
5.59251e-07	0.716037	0.715769	0.000187045
5.55349e-07	0.718964	0.718966	-1.81894e-06
5.51501e-07	0.721635	0.721847	-0.000146632
5.47706e-07	0.724064	0.724549	-0.000334493
5.43964e-07	0.726234	0.726968	-0.000505184
5.40271e-07	0.728104	0.72899	-0.000608512
5.36629e-07	0.729635	0.730705	-0.000732237
5.33036e-07	0.730809	0.732052	-0.00084907
5.2949e-07	0.731627	0.732894	-0.000864761
5.25991e-07	0.732104	0.733361	-0.000857255
5.22538e-07	0.732263	0.733556	-0.000881802
5.1913e-07	0.732127	0.733359	-0.000840302
5.15767e-07	0.73172	0.732822	-0.000752522
5.12446e-07	0.73106	0.732124	-0.000727242
5.09168e-07	0.730166	0.731189	-0.000699667
5.05932e-07	0.729057	0.729941	-0.000605542
5.02737e-07	0.727758	0.728555	-0.000547529
4.99582e-07	0.726302	0.727074	-0.000531417
4.96466e-07	0.72474	0.725382	-0.000442637
4.93388e-07	0.723152	0.723608	-0.000315601
4.90349e-07	0.721818	0.722128	-0.000215264
4.87347e-07	0.719723	0.720354	-0.000438112
4.84381e-07	0.715163	0.715217	-3.75334e-05
4.81452e-07	0.71133	0.711273	3.99841e-05
4.78557e-07	0.707805	0.707668	9.68229e-05
4.75697e-07	0.704461	0.704207	0.000179873
4.72871e-07	0.70126	0.70097	0.000206554
4.70079e-07	0.698199	0.697928	0.000194789
4.67319e-07	0.69529	0.694963	0.000234824
4.64591e-07	0.692544	0.692179	0.000263965
4.61896e-07	0.689976	0.689653	0.000234036
4.59231e-07	0.687598	0.687259	0.0002468
4.56597e-07	0.685418	0.68501	0.000297432
4.53992e-07	0.683437	0.683043	0.000288517
4.51418e-07	0.681651	0.681263	0.000284642
4.48872e-07	0.680049	0.679581	0.000344235
4.46355e-07	0.67862	0.678129	0.000361835
4.43866e-07	0.677349	0.676894	0.000336065
4.41405e-07	0.676225	0.675723	0.000371036
4.38971e-07	0.675236	0.67469	0.000404302
4.36563e-07	0.674371	0.673877	0.000366971
4.34182e-07	0.673622	0.673131	0.000364577
4.31826e-07	0.67298	0.672427	0.000411117
4.29496e-07	0.672439	0.671905	0.000397345
4.27191e-07	0.672004	0.671511	0.000367198
4.24911e-07	0.671714	0.671171	0.000404323
4.22655e-07	0.671692	0.671093	0.000446731
4.20423e-07	0.673269	0.67275	0.000385705
4.18214e-07	0.674473	0.673867	0.000449987
4.16028e-07	0.676339	0.675666	0.000497454
4.13865e-07	0.677287	0.676621	0.000491487
4.11724e-07	0.677675	0.676966	0.000523111
4.09605e-07	0.677601	0.676839	0.000562048
4.07509e-07	0.677187	0.676467	0.000531887
4.05433e-07	0.676558	0.675853	0.000521534
4.03378e-07	0.675827	0.675065	0.000564422
4.01345e-07	0.675085	0.674346	0.000547468
3.99331e-07	0.674403	0.673715	0.000510427
3.97338e-07	0.673835	0.673084	0.000557665
3.95364e-07	0.673419	0.672635	0.000582466
3.9341e-07	0.673175	0.672466	0.000526895
3.91475e-07	0.673107	0.672391	0.000531818
3.8956e-07	0.673207	0.672426	0.000580302
3.87662e-07	0.673456	0.672733	0.000537158
3.85784e-07	0.673826	0.673164	0.000491143
3.83923e-07	0.674284	0.673568	0.000531181
3.8208e-07	0.674793	0.674083	0.000526623
3.80255e-07	0.675317	0.674694	0.000461254
3.78447e-07	0.675829	0.675201	0.000464816
3.76656e-07	0.676334	0.675699	0.000469162
3.74882e-07	0.678121	0.677439	0.0005028
3.73125e-07	0.680364	0.67988	0.000356104
3.71384e-07	0.680886	0.680634	0.000185054
3.69659e-07	0.681079	0.681024	4.02765e-05
3.67951e-07	0.681123	0.681174	-3.73022e-05
3.66258e-07	0.681069	0.681088	-1.39496e-05
3.6458e-07	0.680946	0.680982	-2.65919e-05
3.62918e-07	0.680789	0.680901	-8.2148e-05
3.61271e-07	0.680639	0.68073	-6.66322e-05
3.59639e-07	0.680542	0.680615	-5.32894e-05
3.58021e-07	0.680545	0.680711	-0.000121908
3.56418e-07	0.680689	0.680914	-0.000165452
3.54829e-07	0.681009	0.681251	-0.000178072
3.53254e-07	0.681528	0.681885	-0.000261326
3.51694e-07	0.682268	0.682749	-0.000352418
3.50147e-07	0.683254	0.683821	-0.00041463
3.48613e-07	0.684565	0.685338	-0.00056446
3.47093e-07	0.686398	0.687427	-0.000749108
3.45586e-07	0.686296	0.687309	-0.000737057
3.44092e-07	0.686625	0.687739	-0.000810906
3.42611e-07	0.685626	0.686773	-0.000836031
3.41143e-07	0.684882	0.68605	-0.00085203
3.39687e-07	0.684165	0.685254	-0.000795065
3.38244e-07	0.683395	0.684517	-0.000820708
3.36812e-07	0.682529	0.683687	-0.00084776
3.35393e-07	0.681547	0.68259	-0.000764821
3.33986e-07	0.680445	0.681444	-0.000733122
3.32591e-07	0.679239	0.680297	-0.000778018
3.31207e-07	0.67796	0.678936	-0.000719336
3.29834e-07	0.676651	0.677522	-0.000643294
3.28473e-07	0.675367	0.676309	-0.000696599
3.27123e-07	0.674168	0.675123	-0.000707957
3.25784e-07	0.673112	0.673947	-0.000620146
3.24457e-07	0.672256	0.673117	-0.000640019
3.23139e-07	0.67164	0.67259	-0.000706528
3.21833e-07	0.671291	0.672143	-0.000634373
3.20537e-07	0.671214	0.671996	-0.000582232
3.19251e-07	0.671397	0.672269	-0.000649012
3.17976e-07	0.671814	0.672649	-0.000621052
3.16711e-07	0.67243	0.673127	-0.000518318
3.15456e-07	0.673202	0.673944	-0.000550814
3.14211e-07	0.674091	0.674895	-0.000596435
3.12975e-07	0.675063	0.675765	-0.000519992
3.11749e-07	0.676115	0.676806	-0.000510535
3.10533e-07	0.677371	0.678185	-0.000601012
3.09326e-07	0.678389	0.679116	-0.00053575
3.08129e-07	0.678448	0.679287	-0.000618517
3.06941e-07	0.676878	0.678033	-0.000852152
3.05762e-07	0.675476	0.676655	-0.000872037
3.04592e-07	0.674038	0.675118	-0.000800775
3.03431e-07	0.672538	0.673696	-0.000860291
3.02278e-07	0.671003	0.672249	-0.000927358
3.01135e-07	0.669483	0.670629	-0.000854911
3e-07	0.668035	0.669179	-0.000855643
