1.2e-06	0.470461	0.475472	-0.00529773
1.18218e-06	0.51265	0.517829	-0.005026
1.16488e-06	0.547157	0.552592	-0.00494226
1.14808e-06	0.569575	0.575209	-0.00492159
1.13175e-06	0.581137	0.586776	-0.00482886
1.11589e-06	0.579473	0.585532	-0.0052012
1.10046e-06	0.568011	0.574008	-0.00525161
1.08545e-06	0.545413	0.552199	-0.00618243
1.07085e-06	0.514177	0.521307	-0.00688501
1.05664e-06	0.475312	0.484074	-0.00913306
1.04279e-06	0.433814	0.444863	-0.0125748
1.02931e-06	0.415984	0.431627	-0.0184547
1.01617e-06	0.462112	0.480355	-0.0193561
1.00336e-06	0.479543	0.492647	-0.0134782
9.90871e-07	0.423751	0.432722	-0.0104736
9.78689e-07	0.356762	0.363215	-0.0089622
9.66802e-07	0.293659	0.299568	-0.00996099
9.552e-07	0.236694	0.241674	-0.0104092
9.43874e-07	0.186846	0.191727	-0.0128944
9.32813e-07	0.143387	0.14783	-0.0152574
9.22008e-07	0.109809	0.113776	-0.0177404
9.1145e-07	0.0856694	0.0892939	-0.0207159
9.01132e-07	0.0755366	0.0777225	-0.0142633
8.91045e-07	0.0810511	0.0814956	-0.00273473
8.81181e-07	0.103495	0.0983429	0.0255252
8.71533e-07	0.112194	0.098957	0.0626887
8.62094e-07	0.0737697	0.0621115	0.0857968
8.52857e-07	0.0806592	0.076609	0.0257531
8.43816e-07	0.129153	0.129593	-0.00170053
8.34965e-07	0.198184	0.201579	-0.00849247
8.26298e-07	0.320162	0.327466	-0.0112774
8.17808e-07	0.523327	0.498063	0.0247345
8.09492e-07	0.524322	0.534215	-0.00934569
8.01342e-07	0.522267	0.537602	-0.0144682
7.93355e-07	0.524637	0.539834	-0.0142759
7.85526e-07	0.524764	0.541792	-0.015965
7.7785e-07	0.537305	0.549876	-0.0115633
7.70323e-07	0.550229	0.561984	-0.0105694
7.62939e-07	0.571637	0.578129	-0.00564638
7.55696e-07	0.588794	0.594357	-0.0047024
7.48589e-07	0.60726	0.608789	-0.00125724
7.41615e-07	0.619937	0.620096	-0.000127716
7.34769e-07	0.628087	0.626171	0.00152762
7.28049e-07	0.629647	0.626109	0.00281721
7.2145e-07	0.623191	0.618604	0.00369355
7.1497e-07	0.611663	0.604335	0.00602619
7.08605e-07	0.595432	0.587863	0.00639668
7.02353e-07	0.582606	0.572319	0.00890674
6.9621e-07	0.577782	0.566538	0.00982632
6.90173e-07	0.58522	0.57217	0.0112753
6.84241e-07	0.602984	0.590104	0.010796
6.78409e-07	0.621372	0.610933	0.00847148
6.72676e-07	0.62437	0.616211	0.00657684
6.67039e-07	0.606061	0.601728	0.0035872
6.61496e-07	0.598654	0.596127	0.00211458
6.56044e-07	0.594134	0.595047	-0.000767532
6.50681e-07	0.592536	0.594456	-0.00161797
6.45405e-07	0.591806	0.595122	-0.00279383
6.40214e-07	0.592334	0.595539	-0.00269781
6.35106e-07	0.594182	0.598118	-0.00330078
6.30079e-07	0.596663	0.600882	-0.00352368
6.25131e-07	0.600051	0.603398	-0.00278071
6.2026e-07	0.603759	0.606428	-0.00220549
6.15464e-07	0.60808	0.609671	-0.00130653
6.10742e-07	0.612616	0.614454	-0.00149789
6.06091e-07	0.617794	0.619161	-0.00110488
6.01511e-07	0.623642	0.624912	-0.0010172
5.97e-07	0.629894	0.630908	-0.000803887
5.92556e-07	0.636453	0.637508	-0.000828195
5.88177e-07	0.642978	0.644419	-0.0011192
5.83863e-07	0.649486	0.650942	-0.00111958
5.79612e-07	0.658341	0.660443	-0.00159341
5.75422e-07	0.669158	0.670676	-0.00113282
5.71292e-07	0.675438	0.677022	-0.00117077
5.67221e-07	0.680917	0.682136	-0.000894064
5.63208e-07	0.685343	0.686476	-0.000825939
5.59251e-07	0.689598	0.69042	-0.000595235
5.55349e-07	0.692997	0.6936	-0.000434445
5.51501e-07	0.696406	0.696764	-0.000256819
5.47706e-07	0.699105	0.699262	-0.000112241
5.43964e-07	0.701762	0.701699	4.51812e-05
5.40271e-07	0.703753	0.703551	0.000144076
5.36629e-07	0.705414	0.704975	0.000311089
5.33036e-07	0.706553	0.706013	0.000382513
5.2949e-07	0.707147	0.706421	0.000513712
5.25991e-07	0.707518	0.706704	0.000575071
5.22538e-07	0.70729	0.706424	0.000612263
5.1913e-07	0.707074	0.706112	0.000680892
5.15767e-07	0.706329	0.705452	0.000621554
5.12446e-07	0.705624	0.70464	0.000697767
5.09168e-07	0.704541	0.703701	0.000596742
5.05932e-07	0.703356	0.702436	0.00065496
5.02737e-07	0.701975	0.701156	0.000583602
4.99582e-07	0.700329	0.699499	0.000593011
4.96466e-07	0.698637	0.697807	0.00059479
4.93388e-07	0.696631	0.695866	0.000549699
4.90349e-07	0.694673	0.693812	0.000619824
4.87347e-07	0.692513	0.691752	0.000549932
4.84381e-07	0.690485	0.68959	0.000648361
4.81452e-07	0.688558	0.68773	0.000601273
4.78557e-07	0.687447	0.686499	0.000689907
4.75697e-07	0.683268	0.682136	0.000828768
4.72871e-07	0.677486	0.676692	0.00058654
4.70079e-07	0.673196	0.672427	0.000571173
4.67319e-07	0.669301	0.668648	0.000487907
4.64591e-07	0.665771	0.665104	0.000500785
4.61896e-07	0.662594	0.661993	0.00045402
4.59231e-07	0.65957	0.658979	0.000448287
4.56597e-07	0.656954	0.656365	0.000448584
4.53992e-07	0.654421	0.653883	0.000411038
4.51418e-07	0.65226	0.651678	0.000446248
4.48872e-07	0.650223	0.649706	0.000397634
4.46355e-07	0.64843	0.647869	0.000433297
4.43866e-07	0.646856	0.646328	0.000408701
4.41405e-07	0.645359	0.644826	0.00041283
4.38971e-07	0.644142	0.643585	0.000432427
4.36563e-07	0.64289	0.642377	0.000399479
4.34182e-07	0.641896	0.641316	0.000451994
4.31826e-07	0.640872	0.64035	0.000407576
4.29496e-07	0.639997	0.63941	0.000458626
4.27191e-07	0.639188	0.638624	0.000440875
4.24911e-07	0.638387	0.637801	0.000458926
4.22655e-07	0.63776	0.637135	0.000490847
4.20423e-07	0.637059	0.636459	0.000471369
4.18214e-07	0.636595	0.6359	0.000546612
4.16028e-07	0.636126	0.635468	0.000517345
4.13865e-07	0.636051	0.635244	0.000635128
4.11724e-07	0.636759	0.63593	0.000651877
4.09605e-07	0.6379	0.636773	0.000884302
4.07509e-07	0.64313	0.642339	0.000615721
4.05433e-07	0.644354	0.643396	0.000744069
4.03378e-07	0.644696	0.643814	0.000684286
4.01345e-07	0.644739	0.643849	0.000690609
3.99331e-07	0.644769	0.643873	0.000694671
3.97338e-07	0.644708	0.643814	0.000694412
3.95364e-07	0.644703	0.643833	0.000675003
3.9341e-07	0.644819	0.643888	0.000722524
3.91475e-07	0.644884	0.644048	0.000648594
3.8956e-07	0.645211	0.644249	0.000746415
3.87662e-07	0.645381	0.644562	0.000634908
3.85784e-07	0.645832	0.644868	0.000746241
3.83923e-07	0.646101	0.645272	0.000641934
3.8208e-07	0.646538	0.645609	0.000718805
3.80255e-07	0.646834	0.645979	0.000661669
3.78447e-07	0.647119	0.646244	0.000676484
3.76656e-07	0.647315	0.646443	0.000674442
3.74882e-07	0.647363	0.64654	0.000636374
3.73125e-07	0.647333	0.64648	0.000659544
3.71384e-07	0.64714	0.646359	0.000604199
3.69659e-07	0.646839	0.646063	0.000600507
3.67951e-07	0.64708	0.646242	0.000648139
3.66258e-07	0.64707	0.646371	0.000540635
3.6458e-07	0.648005	0.647532	0.000364509
3.62918e-07	0.647849	0.647519	0.00025483
3.61271e-07	0.64771	0.647405	0.00023596
3.59639e-07	0.64738	0.647195	0.000142733
3.58021e-07	0.647279	0.647109	0.000130578
3.56418e-07	0.647216	0.647109	8.29364e-05
3.54829e-07	0.647326	0.6473	1.98153e-05
3.53254e-07	0.647712	0.647662	3.84675e-05
3.51694e-07	0.648135	0.648246	-8.55526e-05
3.50147e-07	0.648987	0.649014	-2.07413e-05
3.48613e-07	0.649762	0.649984	-0.000170515
3.47093e-07	0.650964	0.651112	-0.000113276
3.45586e-07	0.652071	0.652376	-0.000233739
3.44092e-07	0.653462	0.653776	-0.000240165
3.42611e-07	0.654884	0.655265	-0.000291133
3.41143e-07	0.656499	0.657018	-0.00039554
3.39687e-07	0.658783	0.659316	-0.000404252
3.38244e-07	0.660773	0.661531	-0.000573485
3.36812e-07	0.663087	0.663912	-0.000621588
3.35393e-07	0.659535	0.66062	-0.000821978
3.33986e-07	0.657622	0.658523	-0.000685044
3.32591e-07	0.655642	0.656631	-0.000753261
3.31207e-07	0.653908	0.654852	-0.000721097
3.29834e-07	0.652181	0.653085	-0.000692441
3.28473e-07	0.650459	0.65143	-0.000745904
3.27123e-07	0.648992	0.649833	-0.000647417
3.25784e-07	0.64745	0.648405	-0.000737001
3.24457e-07	0.646333	0.647146	-0.000628813
3.23139e-07	0.645192	0.64608	-0.000687929
3.21833e-07	0.644481	0.645295	-0.000630993
3.20537e-07	0.643883	0.644673	-0.000613093
3.19251e-07	0.643561	0.644377	-0.00063365
3.17976e-07	0.64349	0.644186	-0.000540111
3.16711e-07	0.643481	0.644271	-0.000612993
3.15456e-07	0.643778	0.64441	-0.000490567
3.14211e-07	0.643963	0.644678	-0.000554504
3.12975e-07	0.644368	0.644971	-0.000467539
3.11749e-07	0.644595	0.645195	-0.000465432
3.10533e-07	0.64484	0.64543	-0.000457751
3.09326e-07	0.644952	0.645434	-0.00037351
3.08129e-07	0.644865	0.645434	-0.000440718
3.06941e-07	0.644752	0.645152	-0.000310338
3.05762e-07	0.644331	0.644849	-0.000402533
3.04592e-07	0.644001	0.644382	-0.000295241
3.03431e-07	0.643318	0.643841	-0.000406629
3.02278e-07	0.642839	0.643405	-0.000440336
3.01135e-07	0.642093	0.64272	-0.000487578
3e-07	0.640028	0.640837	-0.000631945
