1.2e-06	0.5346	0.536864	-0.00211299
1.18218e-06	0.561312	0.563381	-0.00183918
1.16488e-06	0.577355	0.579768	-0.00208531
1.14808e-06	0.584233	0.586061	-0.00156192
1.13175e-06	0.581778	0.583116	-0.00114905
1.11589e-06	0.570088	0.571937	-0.0016187
1.10046e-06	0.551743	0.553225	-0.00134098
1.08545e-06	0.526482	0.527485	-0.000952394
1.07085e-06	0.494829	0.495527	-0.000704346
1.05664e-06	0.460149	0.459136	0.001102
1.04279e-06	0.425899	0.42299	0.00342765
1.02931e-06	0.408073	0.402365	0.00704393
1.01617e-06	0.442383	0.431737	0.0121799
1.00336e-06	0.488484	0.478303	0.010531
9.90871e-07	0.453691	0.448682	0.00555011
9.78689e-07	0.386946	0.384847	0.00271947
9.66802e-07	0.32154	0.321791	-0.000390366
9.552e-07	0.262837	0.264862	-0.00383774
9.43874e-07	0.21147	0.21367	-0.00517538
9.32813e-07	0.165303	0.168077	-0.00832297
9.22008e-07	0.125179	0.128704	-0.0138852
9.1145e-07	0.0923601	0.0963575	-0.021182
9.01132e-07	0.066495	0.0717826	-0.0382387
8.91045e-07	0.0496276	0.0562378	-0.0624398
8.81181e-07	0.0441616	0.052576	-0.0869818
8.71533e-07	0.0490794	0.05958	-0.0966377
8.62094e-07	0.063708	0.0769523	-0.0941579
8.52857e-07	0.0916614	0.110665	-0.0939273
8.43816e-07	0.126385	0.152589	-0.0939309
8.34965e-07	0.148156	0.168957	-0.0655943
8.26298e-07	0.201525	0.211443	-0.0240172
8.17808e-07	0.293675	0.299626	-0.010031
8.09492e-07	0.429928	0.439279	-0.0107582
8.01342e-07	0.585323	0.555948	0.0257389
7.93355e-07	0.543963	0.580785	-0.0327384
7.85526e-07	0.531154	0.560822	-0.0271689
7.7785e-07	0.525134	0.550657	-0.0237256
7.70323e-07	0.529763	0.551873	-0.0204409
7.62939e-07	0.540997	0.560446	-0.0176576
7.55696e-07	0.555473	0.571129	-0.0138972
7.48589e-07	0.563383	0.579121	-0.0137751
7.41615e-07	0.568761	0.58087	-0.0105332
7.34769e-07	0.564533	0.574304	-0.00858001
7.28049e-07	0.550917	0.559209	-0.00746994
7.2145e-07	0.535522	0.53817	-0.0024657
7.1497e-07	0.518717	0.516398	0.00223992
7.08605e-07	0.508281	0.500362	0.00785038
7.02353e-07	0.508003	0.494931	0.0130335
6.9621e-07	0.514262	0.500414	0.0136486
6.90173e-07	0.526546	0.514104	0.0119568
6.84241e-07	0.542616	0.532912	0.00902189
6.78409e-07	0.559035	0.55382	0.00468536
6.72676e-07	0.575513	0.574065	0.00125974
6.67039e-07	0.595079	0.595724	-0.00054143
6.61496e-07	0.601159	0.603598	-0.00202436
6.56044e-07	0.599684	0.60113	-0.00120439
6.50681e-07	0.593444	0.594209	-0.000644177
6.45405e-07	0.590863	0.591567	-0.000595049
6.40214e-07	0.591288	0.591218	5.89127e-05
6.35106e-07	0.5925	0.592131	0.000311341
6.30079e-07	0.59333	0.593429	-8.33854e-05
6.25131e-07	0.595143	0.594845	0.000250339
6.2026e-07	0.597455	0.596735	0.000602895
6.15464e-07	0.599633	0.599268	0.000304091
6.10742e-07	0.602204	0.602327	-0.000102034
6.06091e-07	0.604981	0.605954	-0.000804033
6.01511e-07	0.608608	0.610297	-0.00138622
5.97e-07	0.613631	0.61536	-0.00140671
5.92556e-07	0.618915	0.620856	-0.00156572
5.88177e-07	0.623993	0.626274	-0.00182458
5.83863e-07	0.629034	0.631294	-0.00179354
5.79612e-07	0.633853	0.63597	-0.00166703
5.75422e-07	0.638611	0.640473	-0.0014557
5.71292e-07	0.643258	0.644852	-0.00123715
5.67221e-07	0.649101	0.650566	-0.00112715
5.63208e-07	0.655053	0.656305	-0.000954987
5.59251e-07	0.658998	0.659977	-0.000741943
5.55349e-07	0.662323	0.66293	-0.000458339
5.51501e-07	0.665081	0.66557	-0.000367288
5.47706e-07	0.667627	0.668043	-0.000311106
5.43964e-07	0.669868	0.670251	-0.000286222
5.40271e-07	0.671693	0.672023	-0.000245299
5.36629e-07	0.673141	0.673309	-0.000124677
5.33036e-07	0.674163	0.674191	-2.08308e-05
5.2949e-07	0.674666	0.67474	-5.52127e-05
5.25991e-07	0.674787	0.67493	-0.00010628
5.22538e-07	0.674616	0.674706	-6.62054e-05
5.1913e-07	0.674045	0.674104	-4.35913e-05
5.15767e-07	0.673253	0.673254	-2.65676e-07
5.12446e-07	0.672293	0.672252	3.05409e-05
5.09168e-07	0.670985	0.671071	-6.41846e-05
5.05932e-07	0.669515	0.669616	-7.52222e-05
5.02737e-07	0.667875	0.667852	1.71868e-05
4.99582e-07	0.665879	0.665851	2.0833e-05
4.96466e-07	0.663746	0.663698	3.56087e-05
4.93388e-07	0.661443	0.661394	3.71061e-05
4.90349e-07	0.658826	0.658871	-3.43077e-05
4.87347e-07	0.656152	0.656112	3.09384e-05
4.84381e-07	0.65338	0.653204	0.000134337
4.81452e-07	0.650417	0.65028	0.000105806
4.78557e-07	0.647546	0.647403	0.000110018
4.75697e-07	0.64472	0.644563	0.000121727
4.72871e-07	0.641904	0.641766	0.000107784
4.70079e-07	0.639438	0.639153	0.000223167
4.67319e-07	0.636773	0.636292	0.000377549
4.64591e-07	0.633337	0.632919	0.000329362
4.61896e-07	0.629748	0.629397	0.000278613
4.59231e-07	0.626643	0.626297	0.000276612
4.56597e-07	0.623808	0.623471	0.000270327
4.53992e-07	0.621336	0.620936	0.00032241
4.51418e-07	0.619092	0.61871	0.000308666
4.48872e-07	0.617022	0.616742	0.000226793
4.46355e-07	0.615244	0.614945	0.000242568
4.43866e-07	0.613625	0.613279	0.000281426
4.41405e-07	0.612117	0.611773	0.000281556
4.38971e-07	0.610835	0.610458	0.000308074
4.36563e-07	0.609641	0.609305	0.000275694
4.34182e-07	0.608496	0.608231	0.000217664
4.31826e-07	0.607513	0.607182	0.000272668
4.29496e-07	0.606557	0.606173	0.000316523
4.27191e-07	0.605603	0.605249	0.000291815
4.24911e-07	0.604776	0.604413	0.000300219
4.22655e-07	0.603945	0.603613	0.000275296
4.20423e-07	0.603108	0.602805	0.000251574
4.18214e-07	0.602401	0.602004	0.000329454
4.16028e-07	0.601688	0.601267	0.000350447
4.13865e-07	0.60099	0.600626	0.000302953
4.11724e-07	0.600454	0.600065	0.000324089
4.09605e-07	0.599949	0.599562	0.000323352
4.07509e-07	0.599549	0.599155	0.000328814
4.05433e-07	0.599606	0.599094	0.000426828
4.03378e-07	0.599887	0.599377	0.00042586
4.01345e-07	0.6009	0.60046	0.000366191
3.99331e-07	0.606084	0.605668	0.000343265
3.97338e-07	0.607992	0.60743	0.000462319
3.95364e-07	0.608696	0.608219	0.000391748
3.9341e-07	0.609291	0.608699	0.000486028
3.91475e-07	0.609548	0.609079	0.000384807
3.8956e-07	0.609891	0.609424	0.000382632
3.87662e-07	0.610316	0.609763	0.000452618
3.85784e-07	0.610681	0.610142	0.000441644
3.83923e-07	0.611191	0.610604	0.00048019
3.8208e-07	0.611725	0.611144	0.000475057
3.80255e-07	0.612221	0.611699	0.000426493
3.78447e-07	0.612709	0.612194	0.000420567
3.76656e-07	0.613178	0.612594	0.00047635
3.74882e-07	0.613499	0.612906	0.000483912
3.73125e-07	0.61371	0.613137	0.000467024
3.71384e-07	0.61387	0.613262	0.000495417
3.69659e-07	0.613783	0.613242	0.00044076
3.67951e-07	0.613606	0.613069	0.000437392
3.66258e-07	0.613401	0.612782	0.000504858
3.6458e-07	0.61298	0.612444	0.000437642
3.62918e-07	0.61265	0.612126	0.000427475
3.61271e-07	0.612736	0.612187	0.000448456
3.59639e-07	0.613166	0.612554	0.000499248
3.58021e-07	0.614189	0.613644	0.000444606
3.56418e-07	0.615397	0.615025	0.000302175
3.54829e-07	0.615712	0.615559	0.000124053
3.53254e-07	0.616206	0.616038	0.000136197
3.51694e-07	0.616731	0.616586	0.000117613
3.50147e-07	0.617338	0.617263	6.04681e-05
3.48613e-07	0.618245	0.618103	0.00011413
3.47093e-07	0.619202	0.619099	8.35922e-05
3.45586e-07	0.6202	0.620197	2.91824e-06
3.44092e-07	0.62141	0.621333	6.16874e-05
3.42611e-07	0.622519	0.622467	4.17394e-05
3.41143e-07	0.62357	0.623582	-9.62042e-06
3.39687e-07	0.624695	0.62466	2.75526e-05
3.38244e-07	0.625592	0.625662	-5.64345e-05
3.36812e-07	0.62641	0.626555	-0.000115301
3.35393e-07	0.627301	0.627367	-5.24531e-05
3.33986e-07	0.628154	0.628267	-8.99509e-05
3.32591e-07	0.629017	0.629191	-0.000138349
3.31207e-07	0.629873	0.630098	-0.000178497
3.29834e-07	0.631774	0.632199	-0.000336076
3.28473e-07	0.628223	0.628557	-0.000265604
3.27123e-07	0.625711	0.625986	-0.000219343
3.25784e-07	0.623563	0.623908	-0.000275827
3.24457e-07	0.62188	0.622195	-0.000253124
3.23139e-07	0.620531	0.620808	-0.00022325
3.21833e-07	0.619359	0.61972	-0.000291567
3.20537e-07	0.618604	0.618919	-0.0002539
3.19251e-07	0.618158	0.618401	-0.000196556
3.17976e-07	0.617845	0.618159	-0.000254385
3.16711e-07	0.617882	0.618157	-0.000222797
3.15456e-07	0.618099	0.618329	-0.000186044
3.14211e-07	0.618298	0.618601	-0.00024468
3.12975e-07	0.618692	0.618911	-0.000176939
3.11749e-07	0.619052	0.619212	-0.000128769
3.10533e-07	0.619204	0.619449	-0.000197605
3.09326e-07	0.619402	0.619563	-0.000129388
3.08129e-07	0.619378	0.619501	-9.8911e-05
3.06941e-07	0.619038	0.619237	-0.00016069
3.05762e-07	0.6187	0.618775	-6.08044e-05
3.04592e-07	0.618078	0.618141	-5.06513e-05
3.03431e-07	0.617214	0.617369	-0.000125181
3.02278e-07	0.616493	0.616514	-1.63907e-05
3.01135e-07	0.615615	0.615655	-3.23045e-05
3e-07	0.614773	0.614898	-0.000101761
