1.2e-06	0.559295	0.563193	-0.00347281
1.18218e-06	0.572336	0.576309	-0.00345922
1.16488e-06	0.577271	0.58137	-0.00353751
1.14808e-06	0.573779	0.577831	-0.00351912
1.13175e-06	0.561689	0.565686	-0.00354539
1.11589e-06	0.541038	0.545251	-0.00387772
1.10046e-06	0.512467	0.516652	-0.00406653
1.08545e-06	0.47876	0.483318	-0.0047377
1.07085e-06	0.450187	0.454034	-0.00425542
1.05664e-06	0.456998	0.460183	-0.00347181
1.04279e-06	0.530751	0.531809	-0.000996054
1.02931e-06	0.590785	0.59234	-0.00131452
1.01617e-06	0.565304	0.567469	-0.0019116
1.00336e-06	0.499283	0.503074	-0.00378196
9.90871e-07	0.425835	0.430394	-0.00532382
9.78689e-07	0.354066	0.359899	-0.00816921
9.66802e-07	0.28612	0.292591	-0.0111805
9.552e-07	0.223015	0.230283	-0.0160334
9.43874e-07	0.165926	0.173503	-0.022321
9.32813e-07	0.116382	0.124293	-0.0328719
9.22008e-07	0.0762577	0.0843416	-0.0503356
9.1145e-07	0.0478051	0.0560913	-0.0797546
9.01132e-07	0.0338936	0.0420398	-0.10728
8.91045e-07	0.0386752	0.0458527	-0.0849128
8.81181e-07	0.0604157	0.0688225	-0.0650489
8.71533e-07	0.0767564	0.0989643	-0.126382
8.62094e-07	0.0936275	0.127299	-0.152411
8.52857e-07	0.10443	0.126267	-0.0946599
8.43816e-07	0.169005	0.1817	-0.0362003
8.34965e-07	0.265734	0.2781	-0.0227384
8.26298e-07	0.406658	0.427087	-0.0245032
8.17808e-07	0.590747	0.567341	0.0202107
8.09492e-07	0.543809	0.588511	-0.0394781
8.01342e-07	0.527493	0.572987	-0.0413393
7.93355e-07	0.527702	0.563487	-0.0327949
7.85526e-07	0.539023	0.572203	-0.0298589
7.7785e-07	0.555811	0.578508	-0.0200091
7.70323e-07	0.573308	0.592267	-0.0162659
7.62939e-07	0.588014	0.600882	-0.0108229
7.55696e-07	0.597864	0.608343	-0.00868724
7.48589e-07	0.601799	0.608779	-0.00576512
7.41615e-07	0.599278	0.60268	-0.00283016
7.34769e-07	0.590802	0.588735	0.00175227
7.28049e-07	0.579517	0.568468	0.00962483
7.2145e-07	0.569904	0.547709	0.0198594
7.1497e-07	0.564412	0.530755	0.0307319
7.08605e-07	0.563261	0.523548	0.0365415
7.02353e-07	0.566121	0.526059	0.0366808
6.9621e-07	0.572564	0.537584	0.0315088
6.90173e-07	0.582114	0.554671	0.024141
6.84241e-07	0.595789	0.579064	0.0142356
6.78409e-07	0.603546	0.597364	0.00514766
6.72676e-07	0.603305	0.598941	0.00362962
6.67039e-07	0.592944	0.590509	0.00205762
6.61496e-07	0.59054	0.589813	0.000615869
6.56044e-07	0.590505	0.591029	-0.000443365
6.50681e-07	0.591457	0.59291	-0.00122707
6.45405e-07	0.593094	0.594434	-0.001129
6.40214e-07	0.595194	0.596479	-0.00107818
6.35106e-07	0.597327	0.598909	-0.00132243
6.30079e-07	0.599427	0.601336	-0.0015898
6.25131e-07	0.601733	0.603437	-0.00141336
6.2026e-07	0.604508	0.605724	-0.00100512
6.15464e-07	0.607607	0.608316	-0.000583145
6.10742e-07	0.6108	0.61128	-0.000392758
6.06091e-07	0.614381	0.614442	-5.01941e-05
6.01511e-07	0.618726	0.618321	0.000327343
5.97e-07	0.62368	0.622824	0.000687336
5.92556e-07	0.628957	0.628193	0.000607787
5.88177e-07	0.634476	0.633989	0.000384047
5.83863e-07	0.640161	0.64018	-1.51996e-05
5.79612e-07	0.64973	0.651211	-0.00113806
5.75422e-07	0.657908	0.65973	-0.00138302
5.71292e-07	0.663572	0.665295	-0.00129705
5.67221e-07	0.668274	0.669903	-0.00121768
5.63208e-07	0.672275	0.673613	-0.00099479
5.59251e-07	0.675709	0.67675	-0.000769751
5.55349e-07	0.678684	0.679433	-0.00055181
5.51501e-07	0.681304	0.681743	-0.000321822
5.47706e-07	0.683649	0.683965	-0.000230541
5.43964e-07	0.685728	0.685802	-5.39849e-05
5.40271e-07	0.687481	0.687534	-3.80422e-05
5.36629e-07	0.68883	0.688618	0.000153868
5.33036e-07	0.68972	0.689493	0.000164937
5.2949e-07	0.690146	0.689656	0.000354707
5.25991e-07	0.690142	0.689692	0.000326177
5.22538e-07	0.689776	0.689171	0.000438879
5.1913e-07	0.689128	0.688644	0.00035123
5.15767e-07	0.688273	0.687734	0.00039172
5.12446e-07	0.687264	0.686837	0.000310762
5.09168e-07	0.686124	0.685656	0.000340684
5.05932e-07	0.684844	0.684409	0.000317146
5.02737e-07	0.683397	0.682935	0.000338408
4.99582e-07	0.681757	0.681292	0.000341593
4.96466e-07	0.679917	0.67949	0.000314067
4.93388e-07	0.677898	0.677462	0.000321431
4.90349e-07	0.675754	0.675391	0.000268796
4.87347e-07	0.673559	0.673121	0.000325244
4.84381e-07	0.671404	0.670984	0.000313019
4.81452e-07	0.669468	0.668897	0.00042668
4.78557e-07	0.668087	0.667394	0.00051921
4.75697e-07	0.662809	0.662092	0.000540841
4.72871e-07	0.65848	0.65791	0.000432829
4.70079e-07	0.654633	0.65399	0.000491606
4.67319e-07	0.6511	0.650608	0.000378649
4.64591e-07	0.647847	0.647297	0.000425335
4.61896e-07	0.64487	0.644393	0.000370279
4.59231e-07	0.642163	0.64159	0.000446667
4.56597e-07	0.639704	0.639126	0.000451988
4.53992e-07	0.637465	0.636815	0.000510265
4.51418e-07	0.635422	0.634768	0.00051461
4.48872e-07	0.633565	0.632924	0.000505735
4.46355e-07	0.631897	0.63126	0.000504338
4.43866e-07	0.630423	0.629833	0.000468403
4.41405e-07	0.629142	0.628489	0.000519327
4.38971e-07	0.628035	0.627399	0.000507055
4.36563e-07	0.627071	0.626304	0.000612435
4.34182e-07	0.626212	0.625469	0.000593603
4.31826e-07	0.625426	0.624568	0.000687069
4.29496e-07	0.624702	0.623925	0.000622282
4.27191e-07	0.624042	0.623187	0.000685745
4.24911e-07	0.623465	0.622692	0.000620873
4.22655e-07	0.622992	0.622113	0.000706516
4.20423e-07	0.622641	0.621758	0.000709139
4.18214e-07	0.62243	0.6214	0.000828068
4.16028e-07	0.622429	0.621317	0.000893983
4.13865e-07	0.623012	0.621709	0.00104649
4.11724e-07	0.625913	0.625074	0.000669949
4.09605e-07	0.627894	0.626554	0.00106843
4.07509e-07	0.630392	0.629197	0.000948809
4.05433e-07	0.631225	0.630074	0.000912335
4.03378e-07	0.631715	0.63058	0.0008992
4.01345e-07	0.631964	0.630784	0.00093509
3.99331e-07	0.63203	0.630803	0.000972196
3.97338e-07	0.631971	0.630789	0.000935999
3.95364e-07	0.631848	0.630565	0.00101655
3.9341e-07	0.63172	0.630592	0.00089347
3.91475e-07	0.63164	0.63039	0.000990559
3.8956e-07	0.631648	0.630549	0.000870531
3.87662e-07	0.631762	0.630531	0.000974954
3.85784e-07	0.631974	0.63082	0.000914201
3.83923e-07	0.632253	0.631012	0.000982483
3.8208e-07	0.632555	0.63136	0.000945368
3.80255e-07	0.632842	0.631667	0.000928928
3.78447e-07	0.633086	0.631972	0.00088019
3.76656e-07	0.633275	0.632253	0.000807779
3.74882e-07	0.633409	0.63242	0.00078098
3.73125e-07	0.633486	0.632567	0.000725823
3.71384e-07	0.633518	0.632572	0.00074694
3.69659e-07	0.633738	0.632866	0.000688161
3.67951e-07	0.634468	0.633308	0.000914911
3.66258e-07	0.635454	0.634521	0.000734735
3.6458e-07	0.635838	0.635325	0.000404057
3.62918e-07	0.635602	0.635366	0.000185967
3.61271e-07	0.63532	0.63515	0.000133594
3.59639e-07	0.635128	0.635091	2.91536e-05
3.58021e-07	0.635091	0.634991	7.86417e-05
3.56418e-07	0.635237	0.635205	2.47239e-05
3.54829e-07	0.635573	0.635441	0.000103745
3.53254e-07	0.636096	0.636035	4.7965e-05
3.51694e-07	0.636799	0.636702	7.68631e-05
3.50147e-07	0.637678	0.63768	-1.52563e-06
3.48613e-07	0.638727	0.638769	-3.28534e-05
3.47093e-07	0.639938	0.640059	-9.44784e-05
3.45586e-07	0.641302	0.641495	-0.000150284
3.44092e-07	0.642815	0.643024	-0.000162245
3.42611e-07	0.644518	0.644815	-0.000230055
3.41143e-07	0.646818	0.647106	-0.000222239
3.39687e-07	0.649055	0.649555	-0.000385122
3.38244e-07	0.648644	0.649537	-0.00068769
3.36812e-07	0.648294	0.649443	-0.000885525
3.35393e-07	0.645961	0.647097	-0.000878347
3.33986e-07	0.644079	0.645328	-0.000968403
3.32591e-07	0.642287	0.643415	-0.000877119
3.31207e-07	0.640514	0.64171	-0.000932746
3.29834e-07	0.638749	0.639846	-0.000857886
3.28473e-07	0.637013	0.638159	-0.000898388
3.27123e-07	0.635349	0.63647	-0.00088153
3.25784e-07	0.633815	0.634953	-0.000897304
3.24457e-07	0.632474	0.633634	-0.00091622
3.23139e-07	0.631376	0.632464	-0.00086062
3.21833e-07	0.630549	0.631655	-0.000876136
3.20537e-07	0.629992	0.630934	-0.000747049
3.19251e-07	0.62968	0.630658	-0.000775961
3.17976e-07	0.629579	0.630381	-0.000636481
3.16711e-07	0.629646	0.630539	-0.000708985
3.15456e-07	0.629843	0.630594	-0.000595691
3.14211e-07	0.630132	0.630982	-0.000673771
3.12975e-07	0.630475	0.63118	-0.000558214
3.11749e-07	0.630827	0.631553	-0.000575193
3.10533e-07	0.631136	0.631702	-0.000448274
3.09326e-07	0.631347	0.631861	-0.000407166
3.08129e-07	0.631418	0.631831	-0.000327439
3.06941e-07	0.631335	0.631691	-0.000282264
3.05762e-07	0.631137	0.631508	-0.000293968
3.04592e-07	0.630998	0.631347	-0.000276286
3.03431e-07	0.630321	0.630812	-0.000389065
3.02278e-07	0.629559	0.629904	-0.00027372
3.01135e-07	0.627852	0.62851	-0.000523503
3e-07	0.625973	0.626545	-0.000456844
