1.2e-06	0.277898	0.279573	-0.00300525
1.18218e-06	0.29346	0.295519	-0.00349671
1.16488e-06	0.324028	0.326469	-0.00375135
1.14808e-06	0.365041	0.367953	-0.00397229
1.13175e-06	0.409355	0.412779	-0.00416476
1.11589e-06	0.449145	0.452929	-0.00419464
1.10046e-06	0.477873	0.481755	-0.00404607
1.08545e-06	0.491548	0.495407	-0.00390969
1.07085e-06	0.489077	0.493037	-0.00403206
1.05664e-06	0.472064	0.476327	-0.00449472
1.04279e-06	0.44571	0.450304	-0.00512706
1.02931e-06	0.426312	0.431029	-0.00550103
1.01617e-06	0.453732	0.4581	-0.00478957
1.00336e-06	0.495302	0.49888	-0.0035984
9.90871e-07	0.456059	0.459369	-0.00361596
9.78689e-07	0.386213	0.389712	-0.0045096
9.66802e-07	0.318566	0.322262	-0.00576671
9.552e-07	0.258048	0.261815	-0.00724478
9.43874e-07	0.205285	0.209142	-0.00930767
9.32813e-07	0.161612	0.165776	-0.012718
9.22008e-07	0.129703	0.134435	-0.0179147
9.1145e-07	0.113442	0.11893	-0.0236207
9.01132e-07	0.117504	0.123908	-0.0265241
8.91045e-07	0.143064	0.150483	-0.0252737
8.81181e-07	0.16787	0.175658	-0.0226696
8.71533e-07	0.140371	0.146524	-0.021448
8.62094e-07	0.0772155	0.0807394	-0.022309
8.52857e-07	0.0377917	0.0394666	-0.0216789
8.43816e-07	0.0309709	0.0316225	-0.0104098
8.34965e-07	0.046503	0.046572	-0.000741391
8.26298e-07	0.0767467	0.0764769	0.00176068
8.17808e-07	0.117266	0.116985	0.00120037
8.09492e-07	0.164943	0.165706	-0.00230816
8.01342e-07	0.215125	0.219325	-0.00966646
7.93355e-07	0.270352	0.273191	-0.00522307
7.85526e-07	0.273303	0.313755	-0.0689069
7.7785e-07	0.369426	0.39489	-0.0333161
7.70323e-07	0.400554	0.426758	-0.0316745
7.62939e-07	0.426274	0.452672	-0.0300331
7.55696e-07	0.451505	0.47699	-0.0274468
7.48589e-07	0.476327	0.500121	-0.024368
7.41615e-07	0.500546	0.522589	-0.021544
7.34769e-07	0.52344	0.544054	-0.0193105
7.28049e-07	0.543337	0.563011	-0.0177827
7.2145e-07	0.558467	0.577581	-0.0168257
7.1497e-07	0.568759	0.587251	-0.0159966
7.08605e-07	0.575211	0.592735	-0.0150043
7.02353e-07	0.57815	0.594558	-0.0139915
6.9621e-07	0.577715	0.593271	-0.0132845
6.90173e-07	0.574437	0.589806	-0.0132012
6.84241e-07	0.568834	0.584479	-0.0135648
6.78409e-07	0.561893	0.577554	-0.0137447
6.72676e-07	0.55531	0.570284	-0.0133031
6.67039e-07	0.55082	0.564204	-0.0120039
6.61496e-07	0.551352	0.562204	-0.00974614
6.56044e-07	0.560162	0.567624	-0.00661622
6.50681e-07	0.576801	0.580268	-0.00299649
6.45405e-07	0.57999	0.58067	-0.000585591
6.40214e-07	0.574257	0.572436	0.00158798
6.35106e-07	0.57326	0.569584	0.0032166
6.30079e-07	0.57516	0.570576	0.00400084
6.25131e-07	0.577769	0.573363	0.00382803
6.2026e-07	0.580803	0.577121	0.00318018
6.15464e-07	0.58472	0.581751	0.00254545
6.10742e-07	0.589474	0.587025	0.00208089
6.06091e-07	0.59488	0.592924	0.00164693
6.01511e-07	0.600907	0.599519	0.0011566
5.97e-07	0.607741	0.606843	0.00073926
5.92556e-07	0.615507	0.614914	0.00048142
5.88177e-07	0.623818	0.623463	0.000284778
5.83863e-07	0.631951	0.631912	3.07409e-05
5.79612e-07	0.639446	0.639821	-0.000293251
5.75422e-07	0.646298	0.647084	-0.000608045
5.71292e-07	0.652672	0.653751	-0.000825789
5.67221e-07	0.658663	0.659911	-0.000946673
5.63208e-07	0.664299	0.665703	-0.00105546
5.59251e-07	0.669709	0.671339	-0.00121556
5.55349e-07	0.676284	0.678034	-0.00129205
5.51501e-07	0.686482	0.688057	-0.00114559
5.47706e-07	0.691878	0.693491	-0.00116427
5.43964e-07	0.695863	0.697481	-0.00116125
5.40271e-07	0.698813	0.700511	-0.00121338
5.36629e-07	0.700753	0.70259	-0.00130914
5.33036e-07	0.701815	0.703748	-0.00137528
5.2949e-07	0.702249	0.704165	-0.00136277
5.25991e-07	0.702279	0.704102	-0.001296
5.22538e-07	0.702023	0.703758	-0.001234
5.1913e-07	0.701515	0.703201	-0.00120009
5.15767e-07	0.70078	0.702415	-0.00116577
5.12446e-07	0.699859	0.701399	-0.00109895
5.09168e-07	0.698793	0.700203	-0.0010077
5.05932e-07	0.697597	0.698891	-0.000926845
5.02737e-07	0.696266	0.697482	-0.000872799
4.99582e-07	0.69479	0.695943	-0.000829014
4.96466e-07	0.693157	0.694234	-0.000776747
4.93388e-07	0.691347	0.692349	-0.000724198
4.90349e-07	0.689356	0.690312	-0.000693408
4.87347e-07	0.687217	0.68816	-0.000685535
4.84381e-07	0.684995	0.685921	-0.000675207
4.81452e-07	0.682751	0.683631	-0.000644211
4.78557e-07	0.680513	0.681342	-0.000608404
4.75697e-07	0.678298	0.679111	-0.000598962
4.72871e-07	0.67615	0.676989	-0.000619923
4.70079e-07	0.674156	0.675017	-0.000638491
4.67319e-07	0.672415	0.673254	-0.000623647
4.64591e-07	0.671015	0.671801	-0.000585096
4.61896e-07	0.67008	0.670833	-0.00056122
4.59231e-07	0.67004	0.670804	-0.000570508
4.56597e-07	0.669245	0.669603	-0.000267251
4.53992e-07	0.66382	0.664182	-0.000272443
4.51418e-07	0.6591	0.659401	-0.000228064
4.48872e-07	0.655492	0.655731	-0.000181907
4.46355e-07	0.65243	0.652653	-0.000170945
4.43866e-07	0.649721	0.649958	-0.000182803
4.41405e-07	0.647324	0.647554	-0.000177747
4.38971e-07	0.645229	0.645409	-0.000139381
4.36563e-07	0.643373	0.643495	-9.47371e-05
4.34182e-07	0.641659	0.641761	-7.91268e-05
4.31826e-07	0.64002	0.640136	-9.11418e-05
4.29496e-07	0.638444	0.638565	-9.49808e-05
4.27191e-07	0.636949	0.637033	-6.62617e-05
4.24911e-07	0.635524	0.635552	-2.25081e-05
4.22655e-07	0.634126	0.634126	4.11371e-08
4.20423e-07	0.63272	0.632729	-7.06876e-06
4.18214e-07	0.63131	0.631328	-1.42593e-05
4.16028e-07	0.629933	0.629923	7.66987e-06
4.13865e-07	0.628614	0.628551	5.01859e-05
4.11724e-07	0.627357	0.627259	7.84394e-05
4.09605e-07	0.626158	0.626063	7.63843e-05
4.07509e-07	0.625029	0.624944	6.73969e-05
4.05433e-07	0.623995	0.62389	8.40235e-05
4.03378e-07	0.623079	0.622922	0.000125993
4.01345e-07	0.622291	0.622091	0.000160656
3.99331e-07	0.621657	0.621451	0.000165537
3.97338e-07	0.621261	0.621065	0.000157448
3.95364e-07	0.621772	0.621552	0.000177516
3.9341e-07	0.622281	0.622016	0.00021238
3.91475e-07	0.624116	0.623756	0.00028884
3.8956e-07	0.6281	0.627774	0.000259235
3.87662e-07	0.629471	0.629182	0.000230259
3.85784e-07	0.630393	0.630117	0.000218534
3.83923e-07	0.631135	0.630833	0.000239038
3.8208e-07	0.631741	0.631407	0.000264201
3.80255e-07	0.632192	0.631871	0.000254011
3.78447e-07	0.632472	0.632211	0.000206507
3.76656e-07	0.632585	0.632378	0.000163759
3.74882e-07	0.632542	0.632335	0.000163814
3.73125e-07	0.632347	0.632099	0.000196398
3.71384e-07	0.632004	0.631731	0.000216571
3.69659e-07	0.631535	0.631283	0.000199722
3.67951e-07	0.630969	0.630754	0.00017034
3.66258e-07	0.630319	0.630105	0.000169428
3.6458e-07	0.629576	0.629322	0.000201761
3.62918e-07	0.628736	0.628447	0.000229562
3.61271e-07	0.62784	0.627562	0.00022112
3.59639e-07	0.626974	0.626732	0.000193054
3.58021e-07	0.626221	0.625981	0.000191065
3.56418e-07	0.625609	0.625321	0.000230666
3.54829e-07	0.625121	0.62478	0.000272667
3.53254e-07	0.62479	0.624452	0.000270458
3.51694e-07	0.625253	0.624961	0.000233847
3.50147e-07	0.625741	0.625529	0.000169054
3.48613e-07	0.626852	0.626681	0.000136931
3.47093e-07	0.627668	0.627444	0.000177938
3.45586e-07	0.62843	0.628196	0.00018682
3.44092e-07	0.629139	0.628979	0.000126782
3.42611e-07	0.629808	0.629756	4.06178e-05
3.41143e-07	0.630456	0.630453	2.56486e-06
3.39687e-07	0.631055	0.631012	3.39367e-05
3.38244e-07	0.63153	0.631432	7.77122e-05
3.36812e-07	0.631813	0.631734	6.27182e-05
3.35393e-07	0.631897	0.631916	-1.52009e-05
3.33986e-07	0.63183	0.631941	-8.80251e-05
3.32591e-07	0.631666	0.631783	-9.24816e-05
3.31207e-07	0.63144	0.631492	-4.10919e-05
3.29834e-07	0.631188	0.631197	-6.87395e-06
3.28473e-07	0.630995	0.631046	-4.02717e-05
3.27123e-07	0.63102	0.631163	-0.000113013
3.25784e-07	0.63177	0.631947	-0.000139942
3.24457e-07	0.632841	0.633042	-0.0001586
3.23139e-07	0.634501	0.634718	-0.000170739
3.21833e-07	0.63422	0.634511	-0.000228821
3.20537e-07	0.63214	0.63244	-0.000237327
3.19251e-07	0.630962	0.631296	-0.000264673
3.17976e-07	0.630227	0.630548	-0.000254549
3.16711e-07	0.629744	0.630001	-0.000204497
3.15456e-07	0.629416	0.629615	-0.000157615
3.14211e-07	0.629217	0.629403	-0.00014812
3.12975e-07	0.629125	0.629332	-0.000164107
3.11749e-07	0.629066	0.629277	-0.000167233
3.10533e-07	0.628922	0.629098	-0.000139781
3.09326e-07	0.628607	0.628734	-0.000101465
3.08129e-07	0.628113	0.628214	-8.04428e-05
3.06941e-07	0.627487	0.627586	-7.87522e-05
3.05762e-07	0.626746	0.626839	-7.43021e-05
3.04592e-07	0.625842	0.625907	-5.22204e-05
3.03431e-07	0.624727	0.624756	-2.27813e-05
3.02278e-07	0.623441	0.623446	-4.08849e-06
3.01135e-07	0.622112	0.622106	4.64203e-06
3e-07	0.620869	0.620841	2.20972e-05
