1.2e-06	0.539489	0.540339	-0.000786873
1.18218e-06	0.544854	0.545364	-0.000467483
1.16488e-06	0.54285	0.543199	-0.000321091
1.14808e-06	0.532385	0.532129	0.000239806
1.13175e-06	0.513231	0.512521	0.000691974
1.11589e-06	0.487269	0.485707	0.00160539
1.10046e-06	0.462973	0.459325	0.00395472
1.08545e-06	0.46854	0.463027	0.00591732
1.07085e-06	0.545211	0.53897	0.00575627
1.05664e-06	0.641501	0.636694	0.00376075
1.04279e-06	0.660945	0.658915	0.00153797
1.02931e-06	0.620815	0.620814	3.29045e-07
1.01617e-06	0.558938	0.560165	-0.0010961
1.00336e-06	0.490887	0.493037	-0.00218512
9.90871e-07	0.421118	0.423556	-0.00288634
9.78689e-07	0.350994	0.354016	-0.00428673
9.66802e-07	0.281993	0.285872	-0.00683077
9.552e-07	0.216135	0.220466	-0.0099198
9.43874e-07	0.155694	0.16089	-0.0164131
9.32813e-07	0.103847	0.110407	-0.0306185
9.22008e-07	0.0656811	0.0743535	-0.0619309
9.1145e-07	0.0487367	0.061032	-0.112011
9.01132e-07	0.0621345	0.0803707	-0.127968
8.91045e-07	0.0990553	0.12548	-0.117687
8.81181e-07	0.09887	0.126745	-0.12355
8.71533e-07	0.0525469	0.0723941	-0.158853
8.62094e-07	0.026001	0.0393339	-0.20407
8.52857e-07	0.0307829	0.042503	-0.159923
8.43816e-07	0.062005	0.0750393	-0.0951097
8.34965e-07	0.101299	0.118728	-0.0792121
8.26298e-07	0.130489	0.143749	-0.0483511
8.17808e-07	0.200679	0.204911	-0.010434
8.09492e-07	0.346057	0.341259	0.00698109
8.01342e-07	0.362159	0.296519	0.0996542
7.93355e-07	0.440653	0.450398	-0.0109368
7.85526e-07	0.463471	0.470445	-0.00746673
7.7785e-07	0.484313	0.4949	-0.0108115
7.70323e-07	0.503809	0.511143	-0.00722625
7.62939e-07	0.515359	0.517385	-0.0019623
7.55696e-07	0.512427	0.515972	-0.00344736
7.48589e-07	0.4972	0.502974	-0.00577313
7.41615e-07	0.478969	0.478613	0.000371928
7.34769e-07	0.464563	0.452471	0.013187
7.28049e-07	0.453682	0.429094	0.0278527
7.2145e-07	0.442813	0.406544	0.0427023
7.1497e-07	0.43094	0.389052	0.0510837
7.08605e-07	0.418952	0.37882	0.0503047
7.02353e-07	0.409013	0.373954	0.0447775
6.9621e-07	0.40479	0.377478	0.0349133
6.90173e-07	0.40943	0.39127	0.0226802
6.84241e-07	0.423401	0.413118	0.0122927
6.78409e-07	0.444399	0.441386	0.00340096
6.72676e-07	0.469537	0.472485	-0.00312966
6.67039e-07	0.499552	0.505703	-0.00611865
6.61496e-07	0.521864	0.530612	-0.00831187
6.56044e-07	0.528241	0.536338	-0.0076061
6.50681e-07	0.529388	0.535388	-0.00563522
6.45405e-07	0.532591	0.537877	-0.00493753
6.40214e-07	0.536196	0.541012	-0.00447156
6.35106e-07	0.540096	0.544578	-0.00413192
6.30079e-07	0.544109	0.548561	-0.00407424
6.25131e-07	0.548005	0.552151	-0.00376883
6.2026e-07	0.551841	0.555704	-0.00348738
6.15464e-07	0.555653	0.559258	-0.00323405
6.10742e-07	0.559444	0.562718	-0.00291741
6.06091e-07	0.56368	0.566825	-0.00278161
6.01511e-07	0.568983	0.571857	-0.00251847
5.97e-07	0.575329	0.577841	-0.00217822
5.92556e-07	0.582146	0.584628	-0.00212764
5.88177e-07	0.58898	0.591584	-0.00220575
5.83863e-07	0.595792	0.598502	-0.00226898
5.79612e-07	0.602531	0.605326	-0.0023138
5.75422e-07	0.60886	0.611776	-0.0023893
5.71292e-07	0.614559	0.617607	-0.0024737
5.67221e-07	0.621083	0.624443	-0.00269802
5.63208e-07	0.630259	0.6327	-0.00193265
5.59251e-07	0.635028	0.637381	-0.00184901
5.55349e-07	0.638506	0.640739	-0.00174579
5.51501e-07	0.641395	0.643691	-0.00178674
5.47706e-07	0.644117	0.646298	-0.00169062
5.43964e-07	0.646637	0.648528	-0.00146043
5.40271e-07	0.648737	0.650511	-0.00136515
5.36629e-07	0.650345	0.652022	-0.00128836
5.33036e-07	0.651491	0.65305	-0.00119504
5.2949e-07	0.652175	0.653638	-0.00112025
5.25991e-07	0.65241	0.653743	-0.00102037
5.22538e-07	0.652261	0.653536	-0.000976422
5.1913e-07	0.651774	0.652982	-0.000925754
5.15767e-07	0.650973	0.652132	-0.00088909
5.12446e-07	0.649928	0.651117	-0.000914056
5.09168e-07	0.648686	0.649774	-0.000838249
5.05932e-07	0.647193	0.648228	-0.000799543
5.02737e-07	0.645404	0.646504	-0.000851099
4.99582e-07	0.643395	0.644431	-0.000804568
4.96466e-07	0.641226	0.642226	-0.000778862
4.93388e-07	0.638835	0.639812	-0.000764071
4.90349e-07	0.636194	0.637124	-0.000730319
4.87347e-07	0.633429	0.634417	-0.000779156
4.84381e-07	0.63064	0.631542	-0.000714511
4.81452e-07	0.627784	0.628587	-0.000639019
4.78557e-07	0.624881	0.62577	-0.000710676
4.75697e-07	0.622123	0.622935	-0.000651499
4.72871e-07	0.619649	0.620336	-0.000553927
4.70079e-07	0.617511	0.618201	-0.000558786
4.67319e-07	0.615762	0.615829	-5.45665e-05
4.64591e-07	0.611133	0.611385	-0.000206319
4.61896e-07	0.606568	0.606901	-0.000273817
4.59231e-07	0.602847	0.60302	-0.000143175
4.56597e-07	0.599486	0.599752	-0.000222124
4.53992e-07	0.596488	0.596809	-0.000268674
4.51418e-07	0.593906	0.59412	-0.000179711
4.48872e-07	0.59161	0.591841	-0.000195017
4.46355e-07	0.589485	0.58972	-0.000199404
4.43866e-07	0.5876	0.587838	-0.000202136
4.41405e-07	0.585998	0.586234	-0.000201295
4.38971e-07	0.584552	0.584695	-0.000122227
4.36563e-07	0.583178	0.583372	-0.000166243
4.34182e-07	0.581954	0.582188	-0.000200767
4.31826e-07	0.580901	0.581016	-9.91084e-05
4.29496e-07	0.579895	0.580014	-0.000103011
4.27191e-07	0.578881	0.579031	-0.000129775
4.24911e-07	0.577956	0.578067	-9.5462e-05
4.22655e-07	0.577151	0.577235	-7.28732e-05
4.20423e-07	0.576358	0.576379	-1.81462e-05
4.18214e-07	0.575558	0.575599	-3.61433e-05
4.16028e-07	0.574869	0.574926	-4.99165e-05
4.13865e-07	0.574319	0.574251	5.91615e-05
4.11724e-07	0.573811	0.573726	7.4509e-05
4.09605e-07	0.573367	0.573313	4.77351e-05
4.07509e-07	0.573156	0.573028	0.000111516
4.05433e-07	0.573306	0.573111	0.000169675
4.03378e-07	0.574658	0.574225	0.000376139
4.01345e-07	0.575888	0.575606	0.000245507
3.99331e-07	0.582927	0.581971	0.000820607
3.97338e-07	0.585054	0.584329	0.000619709
3.95364e-07	0.586114	0.585561	0.000471712
3.9341e-07	0.586744	0.586373	0.000315988
3.91475e-07	0.587299	0.586903	0.000336596
3.8956e-07	0.587929	0.587536	0.00033395
3.87662e-07	0.588562	0.588153	0.000347086
3.85784e-07	0.589124	0.588618	0.000429395
3.83923e-07	0.589641	0.589199	0.000374312
3.8208e-07	0.59014	0.589784	0.000301449
3.80255e-07	0.590623	0.590239	0.00032475
3.78447e-07	0.591102	0.590703	0.000337286
3.76656e-07	0.59154	0.591108	0.00036551
3.74882e-07	0.591821	0.591377	0.000375247
3.73125e-07	0.591911	0.591543	0.000310876
3.71384e-07	0.591922	0.591599	0.000272565
3.69659e-07	0.591909	0.591521	0.000328321
3.67951e-07	0.591737	0.591281	0.000385523
3.66258e-07	0.591325	0.590973	0.000297535
3.6458e-07	0.590836	0.590593	0.00020582
3.62918e-07	0.590444	0.590116	0.000277304
3.61271e-07	0.590101	0.589745	0.000301603
3.59639e-07	0.590029	0.589672	0.000302702
3.58021e-07	0.590111	0.58995	0.000136506
3.56418e-07	0.590664	0.590775	-9.36614e-05
3.54829e-07	0.590934	0.591041	-9.07729e-05
3.53254e-07	0.591185	0.591328	-0.000120918
3.51694e-07	0.591543	0.591862	-0.000270192
3.50147e-07	0.59217	0.592479	-0.000260576
3.48613e-07	0.593026	0.59327	-0.000205642
3.47093e-07	0.593953	0.594333	-0.00031963
3.45586e-07	0.594946	0.595394	-0.000375983
3.44092e-07	0.596098	0.596555	-0.000383634
3.42611e-07	0.597346	0.597846	-0.000418262
3.41143e-07	0.598521	0.599001	-0.000400541
3.39687e-07	0.599589	0.600158	-0.000474428
3.38244e-07	0.60064	0.601302	-0.000550492
3.36812e-07	0.601691	0.60227	-0.000481211
3.35393e-07	0.60269	0.60329	-0.000497374
3.33986e-07	0.60375	0.60443	-0.000562583
3.32591e-07	0.60561	0.606125	-0.000425161
3.31207e-07	0.606642	0.607308	-0.000548627
3.29834e-07	0.60881	0.610109	-0.00106564
3.28473e-07	0.604364	0.605336	-0.000803483
3.27123e-07	0.601313	0.602323	-0.000839772
3.25784e-07	0.598832	0.599918	-0.000905452
3.24457e-07	0.596799	0.597908	-0.000928811
3.23139e-07	0.595146	0.596215	-0.000897398
3.21833e-07	0.593771	0.594818	-0.000880618
3.20537e-07	0.592626	0.593741	-0.000939721
3.19251e-07	0.591777	0.592924	-0.000968362
3.17976e-07	0.591264	0.592363	-0.000928876
3.16711e-07	0.590969	0.592039	-0.000905088
3.15456e-07	0.590755	0.591855	-0.000929963
3.14211e-07	0.590648	0.591811	-0.00098393
3.12975e-07	0.590696	0.591825	-0.000954374
3.11749e-07	0.590763	0.591801	-0.000878218
3.10533e-07	0.590659	0.591758	-0.000929239
3.09326e-07	0.590409	0.591581	-0.000991416
3.08129e-07	0.59012	0.591238	-0.000945701
3.06941e-07	0.589697	0.590759	-0.000899942
3.05762e-07	0.588958	0.590037	-0.000915163
3.04592e-07	0.587968	0.589139	-0.000994817
3.03431e-07	0.586932	0.588108	-0.00100101
3.02278e-07	0.585844	0.586897	-0.000897677
3.01135e-07	0.584572	0.585675	-0.000942814
3e-07	0.583231	0.584469	-0.00106
