1.2e-06	0.569988	0.574228	-0.00370585
1.18218e-06	0.585185	0.589468	-0.00364666
1.16488e-06	0.591259	0.595544	-0.00361054
1.14808e-06	0.58746	0.592414	-0.0041983
1.13175e-06	0.573285	0.578895	-0.00486908
1.11589e-06	0.54846	0.554962	-0.0058926
1.10046e-06	0.513642	0.521805	-0.00788331
1.08545e-06	0.474808	0.484461	-0.0100629
1.07085e-06	0.461434	0.473425	-0.0128268
1.05664e-06	0.53361	0.547379	-0.0127375
1.04279e-06	0.610715	0.621524	-0.0087723
1.02931e-06	0.588018	0.596175	-0.00688802
1.01617e-06	0.522077	0.529857	-0.00739596
1.00336e-06	0.448406	0.45573	-0.00810082
9.90871e-07	0.375396	0.382887	-0.00987941
9.78689e-07	0.305157	0.313062	-0.0127865
9.66802e-07	0.239102	0.246446	-0.0151256
9.552e-07	0.179138	0.186555	-0.0202835
9.43874e-07	0.128008	0.13545	-0.0282474
9.32813e-07	0.089546	0.0963532	-0.0366177
9.22008e-07	0.0690793	0.0756847	-0.0456286
9.1145e-07	0.0740682	0.0778745	-0.0250506
9.01132e-07	0.109119	0.104422	0.0219982
8.91045e-07	0.123711	0.105736	0.0783407
8.81181e-07	0.0739727	0.0574192	0.125986
8.71533e-07	0.081958	0.0757302	0.0394946
8.62094e-07	0.169118	0.167916	0.00356513
8.52857e-07	0.45483	0.465696	-0.0118042
8.43816e-07	0.483176	0.503869	-0.0209651
8.34965e-07	0.485765	0.517252	-0.0313927
8.26298e-07	0.485097	0.522131	-0.0367682
8.17808e-07	0.483882	0.522048	-0.0379405
8.09492e-07	0.486639	0.529316	-0.0420068
8.01342e-07	0.497652	0.53987	-0.0406908
7.93355e-07	0.517388	0.551586	-0.0319908
7.85526e-07	0.542488	0.570181	-0.0248882
7.7785e-07	0.568527	0.590123	-0.0186394
7.70323e-07	0.591739	0.605697	-0.0116568
7.62939e-07	0.609516	0.618896	-0.00763582
7.55696e-07	0.620681	0.6272	-0.00522399
7.48589e-07	0.625414	0.628645	-0.00257621
7.41615e-07	0.624117	0.625426	-0.00104788
7.34769e-07	0.616983	0.616263	0.000583602
7.28049e-07	0.605381	0.600163	0.00432867
7.2145e-07	0.594311	0.582076	0.0104009
7.1497e-07	0.591541	0.572621	0.0162521
7.08605e-07	0.606424	0.585096	0.0179001
7.02353e-07	0.616838	0.599512	0.0142438
6.9621e-07	0.596797	0.58482	0.0101358
6.90173e-07	0.588158	0.579333	0.00755866
6.84241e-07	0.58333	0.577533	0.00499382
6.78409e-07	0.58102	0.576663	0.00376358
6.72676e-07	0.580412	0.577063	0.00289295
6.67039e-07	0.580783	0.578	0.00240174
6.61496e-07	0.582022	0.579181	0.00244592
6.56044e-07	0.58431	0.582137	0.00186282
6.50681e-07	0.587432	0.586066	0.00116383
6.45405e-07	0.590908	0.589693	0.00102938
6.40214e-07	0.594466	0.593502	0.000811479
6.35106e-07	0.598155	0.597675	0.000401542
6.30079e-07	0.60191	0.602042	-0.000109873
6.25131e-07	0.605577	0.606304	-0.000599748
6.2026e-07	0.609389	0.610167	-0.000637745
6.15464e-07	0.613886	0.614555	-0.000545061
6.10742e-07	0.619364	0.620184	-0.000661687
6.06091e-07	0.626749	0.627789	-0.000828839
6.01511e-07	0.644504	0.645929	-0.00110399
5.97e-07	0.652055	0.654942	-0.00220869
5.92556e-07	0.658126	0.661201	-0.00233136
5.88177e-07	0.663901	0.666915	-0.00226501
5.83863e-07	0.669696	0.672888	-0.00237684
5.79612e-07	0.675403	0.678595	-0.00235719
5.75422e-07	0.680763	0.683826	-0.00224492
5.71292e-07	0.685623	0.688717	-0.00225154
5.67221e-07	0.68996	0.693213	-0.00235194
5.63208e-07	0.693797	0.697069	-0.0023521
5.59251e-07	0.697201	0.700341	-0.00224627
5.55349e-07	0.700285	0.703421	-0.00223409
5.51501e-07	0.703147	0.706175	-0.00214863
5.47706e-07	0.705809	0.708541	-0.00193207
5.43964e-07	0.708217	0.710898	-0.00188909
5.40271e-07	0.71029	0.712885	-0.00182337
5.36629e-07	0.711968	0.714268	-0.00161218
5.33036e-07	0.713229	0.715452	-0.00155571
5.2949e-07	0.71408	0.716145	-0.00144392
5.25991e-07	0.71454	0.716263	-0.00120433
5.22538e-07	0.714639	0.716298	-0.0011593
5.1913e-07	0.714417	0.715971	-0.00108579
5.15767e-07	0.713931	0.715268	-0.000934962
5.12446e-07	0.713248	0.714637	-0.000972549
5.09168e-07	0.712436	0.713747	-0.000919683
5.05932e-07	0.711555	0.712627	-0.000752501
5.02737e-07	0.710705	0.711809	-0.00077582
4.99582e-07	0.7102	0.711262	-0.000747244
4.96466e-07	0.706971	0.707146	-0.000123846
4.93388e-07	0.701139	0.701445	-0.000217868
4.90349e-07	0.696742	0.697027	-0.000204112
4.87347e-07	0.692749	0.693103	-0.000255217
4.84381e-07	0.688976	0.689376	-0.000290044
4.81452e-07	0.685356	0.685632	-0.000201216
4.78557e-07	0.681855	0.682097	-0.000177248
4.75697e-07	0.678449	0.678668	-0.000160842
4.72871e-07	0.675127	0.675229	-7.48669e-05
4.70079e-07	0.671904	0.672048	-0.000107126
4.67319e-07	0.668817	0.668992	-0.000130552
4.64591e-07	0.665911	0.666012	-7.587e-05
4.61896e-07	0.663221	0.663359	-0.000103895
4.59231e-07	0.660759	0.660843	-6.31698e-05
4.56597e-07	0.658516	0.658473	3.20704e-05
4.53992e-07	0.656474	0.65645	1.84225e-05
4.51418e-07	0.654625	0.654546	5.98399e-05
4.48872e-07	0.652974	0.652841	0.000101824
4.46355e-07	0.651542	0.651473	5.23409e-05
4.43866e-07	0.650346	0.650207	0.000107107
4.41405e-07	0.649396	0.649182	0.00016511
4.38971e-07	0.648684	0.648461	0.000172079
4.36563e-07	0.648201	0.647829	0.000287307
4.34182e-07	0.64796	0.647514	0.000343843
4.31826e-07	0.648065	0.647583	0.000372236
4.29496e-07	0.649791	0.648945	0.00065134
4.27191e-07	0.652113	0.651096	0.0007805
4.24911e-07	0.656972	0.656031	0.000716675
4.22655e-07	0.658082	0.65711	0.000738571
4.20423e-07	0.658376	0.657457	0.000698213
4.18214e-07	0.658291	0.657404	0.000674056
4.16028e-07	0.657996	0.656995	0.000761215
4.13865e-07	0.65758	0.656625	0.000726886
4.11724e-07	0.657106	0.65624	0.000659093
4.09605e-07	0.656624	0.655705	0.000700267
4.07509e-07	0.656165	0.655231	0.000711848
4.05433e-07	0.655742	0.654776	0.000737029
4.03378e-07	0.655358	0.654307	0.000802594
4.01345e-07	0.655013	0.653928	0.000828658
3.99331e-07	0.654713	0.653576	0.000868912
3.97338e-07	0.654477	0.653342	0.000867724
3.95364e-07	0.654329	0.653248	0.000826952
3.9341e-07	0.654293	0.653176	0.000854926
3.91475e-07	0.654383	0.653291	0.000834653
3.8956e-07	0.654592	0.653544	0.000801055
3.87662e-07	0.654903	0.653775	0.000862172
3.85784e-07	0.655291	0.654209	0.000826151
3.83923e-07	0.656247	0.655152	0.000835136
3.8208e-07	0.657477	0.656387	0.00082967
3.80255e-07	0.659016	0.658237	0.000591746
3.78447e-07	0.659795	0.659173	0.000471534
3.76656e-07	0.660381	0.659767	0.000464828
3.74882e-07	0.660809	0.660354	0.000344544
3.73125e-07	0.661077	0.660757	0.000242405
3.71384e-07	0.661184	0.660831	0.000267597
3.69659e-07	0.661151	0.66094	0.000159911
3.67951e-07	0.661016	0.66096	4.20127e-05
3.66258e-07	0.660831	0.660752	5.98615e-05
3.6458e-07	0.660658	0.660666	-5.48295e-06
3.62918e-07	0.660556	0.660653	-7.35059e-05
3.61271e-07	0.660581	0.660634	-3.97736e-05
3.59639e-07	0.660796	0.660906	-8.35585e-05
3.58021e-07	0.661278	0.661469	-0.000144418
3.56418e-07	0.662159	0.66236	-0.000152379
3.54829e-07	0.664018	0.664346	-0.000247148
3.53254e-07	0.665917	0.66667	-0.000565025
3.51694e-07	0.669032	0.670213	-0.000882451
3.50147e-07	0.666047	0.667127	-0.000809954
3.48613e-07	0.664612	0.665603	-0.00074439
3.47093e-07	0.663683	0.664696	-0.000762947
3.45586e-07	0.663002	0.66406	-0.000797447
3.44092e-07	0.662448	0.663496	-0.00079101
3.42611e-07	0.66195	0.663045	-0.000826965
3.41143e-07	0.661458	0.662573	-0.000841924
3.39687e-07	0.660927	0.661981	-0.000796911
3.38244e-07	0.660311	0.661362	-0.000795323
3.36812e-07	0.659575	0.660589	-0.000768562
3.35393e-07	0.658694	0.659633	-0.000712339
3.33986e-07	0.657664	0.658631	-0.000734003
3.32591e-07	0.656508	0.657467	-0.000729396
3.31207e-07	0.655268	0.656187	-0.000700491
3.29834e-07	0.654004	0.654963	-0.000732946
3.28473e-07	0.652776	0.653689	-0.000698938
3.27123e-07	0.651639	0.652471	-0.00063772
3.25784e-07	0.650638	0.651467	-0.000636293
3.24457e-07	0.649807	0.650548	-0.000570115
3.23139e-07	0.649175	0.649845	-0.000515998
3.21833e-07	0.648771	0.64946	-0.000530481
3.20537e-07	0.648622	0.649235	-0.000472474
3.19251e-07	0.648748	0.649316	-0.000437534
3.17976e-07	0.649172	0.649744	-0.000440412
3.16711e-07	0.649928	0.650431	-0.000386979
3.15456e-07	0.651013	0.651541	-0.000405413
3.14211e-07	0.651607	0.65235	-0.000569478
3.12975e-07	0.6511	0.651821	-0.000553831
3.11749e-07	0.650804	0.651591	-0.000604227
3.10533e-07	0.650476	0.651375	-0.000690729
3.09326e-07	0.650036	0.6509	-0.000664566
3.08129e-07	0.649442	0.650379	-0.000721511
3.06941e-07	0.648672	0.649685	-0.000780539
3.05762e-07	0.647724	0.648676	-0.000734314
3.04592e-07	0.646614	0.647641	-0.000793917
3.03431e-07	0.645385	0.646457	-0.000829729
3.02278e-07	0.644322	0.645283	-0.000744646
3.01135e-07	0.643325	0.64439	-0.000827164
3e-07	0.642162	0.643264	-0.00085745
