1.2e-06	0.49467	0.497448	-0.00280009
1.18218e-06	0.522029	0.524572	-0.00242972
1.16488e-06	0.541772	0.544768	-0.00275671
1.14808e-06	0.552824	0.556621	-0.00342194
1.13175e-06	0.554475	0.557962	-0.00313499
1.11589e-06	0.545172	0.549057	-0.00355024
1.10046e-06	0.524048	0.529463	-0.00513991
1.08545e-06	0.492932	0.499458	-0.0065758
1.07085e-06	0.461876	0.470654	-0.00941281
1.05664e-06	0.473014	0.485404	-0.0129278
1.04279e-06	0.557622	0.569769	-0.0107745
1.02931e-06	0.587482	0.595743	-0.00698184
1.01617e-06	0.546436	0.551667	-0.00476417
1.00336e-06	0.485443	0.489109	-0.00376165
9.90871e-07	0.421592	0.425334	-0.00441848
9.78689e-07	0.359127	0.36237	-0.00449498
9.66802e-07	0.298558	0.300971	-0.00402394
9.552e-07	0.240041	0.242948	-0.00601895
9.43874e-07	0.185311	0.188305	-0.00801303
9.32813e-07	0.136489	0.13893	-0.00886267
9.22008e-07	0.095008	0.097459	-0.0127346
9.1145e-07	0.0632377	0.0654433	-0.0171404
9.01132e-07	0.0457938	0.0473009	-0.016189
8.91045e-07	0.0492076	0.0489785	0.00233303
8.81181e-07	0.0719887	0.0677273	0.0305007
8.71533e-07	0.0653968	0.0594561	0.0475818
8.62094e-07	0.044076	0.0414086	0.0312029
8.52857e-07	0.0468484	0.0486025	-0.0183765
8.43816e-07	0.051327	0.0549262	-0.0338737
8.34965e-07	0.0800758	0.0809721	-0.00556546
8.26298e-07	0.130268	0.130472	-0.000782651
8.17808e-07	0.193171	0.196396	-0.00827706
8.09492e-07	0.298541	0.30278	-0.00704938
8.01342e-07	0.308706	0.299137	0.0157441
7.93355e-07	0.39957	0.410843	-0.0139109
7.85526e-07	0.429529	0.442669	-0.0150655
7.7785e-07	0.455275	0.470227	-0.016156
7.70323e-07	0.481487	0.492634	-0.0114428
7.62939e-07	0.507438	0.512346	-0.00481252
7.55696e-07	0.529146	0.532962	-0.0035929
7.48589e-07	0.545616	0.550888	-0.00480764
7.41615e-07	0.558928	0.562022	-0.00275969
7.34769e-07	0.568085	0.569203	-0.000982687
7.28049e-07	0.569008	0.570385	-0.0012084
7.2145e-07	0.560654	0.561008	-0.000315561
7.1497e-07	0.546449	0.54583	0.000566084
7.08605e-07	0.52916	0.528014	0.00108416
7.02353e-07	0.509699	0.507404	0.00225659
6.9621e-07	0.491003	0.489392	0.00164383
6.90173e-07	0.477557	0.477376	0.000190402
6.84241e-07	0.473363	0.473269	9.92769e-05
6.78409e-07	0.479058	0.480083	-0.00106884
6.72676e-07	0.492161	0.494313	-0.00218095
6.67039e-07	0.515117	0.516648	-0.00148428
6.61496e-07	0.529124	0.53113	-0.00189238
6.56044e-07	0.535659	0.537437	-0.00165656
6.50681e-07	0.53751	0.538721	-0.00112497
6.45405e-07	0.541432	0.542204	-0.000712267
6.40214e-07	0.545835	0.546163	-0.000300356
6.35106e-07	0.550042	0.550441	-0.000363128
6.30079e-07	0.554337	0.555505	-0.00105274
6.25131e-07	0.558957	0.560139	-0.00105611
6.2026e-07	0.563782	0.56498	-0.00106139
6.15464e-07	0.56849	0.570581	-0.00183576
6.10742e-07	0.57326	0.575846	-0.00225068
6.06091e-07	0.578531	0.58141	-0.00248225
6.01511e-07	0.584513	0.587795	-0.00279989
5.97e-07	0.591356	0.594512	-0.0026612
5.92556e-07	0.598933	0.602054	-0.00259882
5.88177e-07	0.606636	0.60992	-0.00269954
5.83863e-07	0.614076	0.617348	-0.00265784
5.79612e-07	0.621445	0.624944	-0.00280736
5.75422e-07	0.628803	0.632307	-0.00277872
5.71292e-07	0.635801	0.639033	-0.00253531
5.67221e-07	0.644257	0.647362	-0.00240384
5.63208e-07	0.65509	0.65786	-0.00210975
5.59251e-07	0.660979	0.663092	-0.00159585
5.55349e-07	0.665226	0.667231	-0.00150471
5.51501e-07	0.668642	0.670758	-0.00157967
5.47706e-07	0.671873	0.673682	-0.00134442
5.43964e-07	0.674753	0.676037	-0.000950761
5.40271e-07	0.676781	0.677765	-0.000726384
5.36629e-07	0.678	0.679078	-0.000794335
5.33036e-07	0.678742	0.679664	-0.000678549
5.2949e-07	0.678981	0.67946	-0.000352636
5.25991e-07	0.678581	0.679095	-0.000378459
5.22538e-07	0.677761	0.678325	-0.000415929
5.1913e-07	0.676816	0.677123	-0.000226541
5.15767e-07	0.675757	0.676111	-0.000261956
5.12446e-07	0.674535	0.674912	-0.000279074
5.09168e-07	0.67323	0.673445	-0.000159542
5.05932e-07	0.671861	0.672176	-0.000234682
5.02737e-07	0.670337	0.670637	-0.000223648
4.99582e-07	0.668649	0.668823	-0.000130441
4.96466e-07	0.666831	0.667104	-0.000204394
4.93388e-07	0.664831	0.665042	-0.000158582
4.90349e-07	0.662635	0.662776	-0.000106303
4.87347e-07	0.660352	0.660589	-0.000179878
4.84381e-07	0.658021	0.658127	-8.01003e-05
4.81452e-07	0.655594	0.655653	-4.54707e-05
4.78557e-07	0.653174	0.653347	-0.000132621
4.75697e-07	0.650974	0.650983	-6.83754e-06
4.72871e-07	0.649024	0.648967	4.36071e-05
4.70079e-07	0.647406	0.647421	-1.13874e-05
4.67319e-07	0.645804	0.645385	0.00032446
4.64591e-07	0.640845	0.640501	0.000268703
4.61896e-07	0.635881	0.635686	0.000152877
4.59231e-07	0.631884	0.631611	0.000216047
4.56597e-07	0.628349	0.628121	0.000181347
4.53992e-07	0.625267	0.625114	0.000122416
4.51418e-07	0.622573	0.622321	0.000202294
4.48872e-07	0.620133	0.619914	0.000176351
4.46355e-07	0.617931	0.617766	0.000133505
4.43866e-07	0.616004	0.615768	0.000192239
4.41405e-07	0.614287	0.614064	0.000180824
4.38971e-07	0.6127	0.61249	0.000171396
4.36563e-07	0.611262	0.611023	0.000195677
4.34182e-07	0.609979	0.609758	0.000181079
4.31826e-07	0.608776	0.608515	0.000214615
4.29496e-07	0.60761	0.607337	0.000224574
4.27191e-07	0.606511	0.606275	0.000194108
4.24911e-07	0.605481	0.605181	0.000247969
4.22655e-07	0.60448	0.604159	0.000264789
4.20423e-07	0.603507	0.603221	0.000236644
4.18214e-07	0.602603	0.602262	0.000283177
4.16028e-07	0.601775	0.601416	0.000298178
4.13865e-07	0.601006	0.600645	0.000300915
4.11724e-07	0.600318	0.599905	0.000344266
4.09605e-07	0.599759	0.599358	0.000334326
4.07509e-07	0.599393	0.598952	0.000367507
4.05433e-07	0.599403	0.598876	0.000440377
4.03378e-07	0.600656	0.600123	0.000444462
4.01345e-07	0.601459	0.600851	0.000506044
3.99331e-07	0.608029	0.607347	0.000561106
3.97338e-07	0.610043	0.60938	0.000544231
3.95364e-07	0.611097	0.610331	0.000626939
3.9341e-07	0.611779	0.611036	0.000607218
3.91475e-07	0.612319	0.611859	0.000376106
3.8956e-07	0.612889	0.612417	0.000385123
3.87662e-07	0.613491	0.61275	0.00060465
3.85784e-07	0.614	0.613302	0.000568593
3.83923e-07	0.614371	0.61384	0.000432587
3.8208e-07	0.614717	0.614146	0.000465027
3.80255e-07	0.61512	0.614498	0.000506015
3.78447e-07	0.615491	0.614872	0.00050374
3.76656e-07	0.615701	0.615048	0.000530291
3.74882e-07	0.615747	0.615111	0.000516318
3.73125e-07	0.61572	0.615151	0.000462432
3.71384e-07	0.615642	0.615036	0.000492253
3.69659e-07	0.615421	0.614715	0.000574139
3.67951e-07	0.614997	0.614343	0.000531884
3.66258e-07	0.61445	0.613907	0.000442
3.6458e-07	0.613904	0.613286	0.000504381
3.62918e-07	0.613364	0.612676	0.000560938
3.61271e-07	0.612804	0.612205	0.000488595
3.59639e-07	0.612577	0.611975	0.000491386
3.58021e-07	0.612609	0.612093	0.000421592
3.56418e-07	0.613118	0.612776	0.000278393
3.54829e-07	0.613267	0.612936	0.000269571
3.53254e-07	0.613419	0.613159	0.000212232
3.51694e-07	0.613775	0.613658	9.59106e-05
3.50147e-07	0.614381	0.614192	0.000153977
3.48613e-07	0.615098	0.614892	0.000167153
3.47093e-07	0.615869	0.61587	-9.52292e-07
3.45586e-07	0.616794	0.616808	-1.17261e-05
3.44092e-07	0.617878	0.617811	5.39709e-05
3.42611e-07	0.618941	0.618973	-2.60259e-05
3.41143e-07	0.619886	0.61997	-6.78609e-05
3.39687e-07	0.620807	0.620917	-8.82809e-05
3.38244e-07	0.621757	0.621922	-0.00013324
3.36812e-07	0.622622	0.622723	-8.09488e-05
3.35393e-07	0.623371	0.623539	-0.000134906
3.33986e-07	0.624259	0.624583	-0.000259576
3.32591e-07	0.625972	0.626193	-0.000176116
3.31207e-07	0.62718	0.627448	-0.000213086
3.29834e-07	0.629481	0.630116	-0.000504186
3.28473e-07	0.625114	0.625744	-0.000503839
3.27123e-07	0.622137	0.622667	-0.000425794
3.25784e-07	0.619758	0.620409	-0.000525122
3.24457e-07	0.617782	0.618417	-0.000514284
3.23139e-07	0.616133	0.616705	-0.00046448
3.21833e-07	0.614781	0.615429	-0.000526533
3.20537e-07	0.613712	0.614318	-0.000493396
3.19251e-07	0.612906	0.613468	-0.000458898
3.17976e-07	0.612328	0.61296	-0.000516145
3.16711e-07	0.611948	0.612532	-0.000476601
3.15456e-07	0.611733	0.612274	-0.000442124
3.14211e-07	0.611617	0.612201	-0.000477405
3.12975e-07	0.611522	0.612057	-0.000437314
3.11749e-07	0.611411	0.611934	-0.000427555
3.10533e-07	0.611264	0.611812	-0.000448037
3.09326e-07	0.611011	0.611475	-0.000379805
3.08129e-07	0.610575	0.611041	-0.000381182
3.06941e-07	0.609967	0.610481	-0.000421497
3.05762e-07	0.609222	0.60964	-0.000342926
3.04592e-07	0.608298	0.608677	-0.000311591
3.03431e-07	0.607166	0.607591	-0.000349828
3.02278e-07	0.60593	0.606308	-0.000311584
3.01135e-07	0.604707	0.605035	-0.000271757
3e-07	0.603487	0.603792	-0.000252091
