1.2e-06	0.373987	0.383005	-0.0119131
1.18218e-06	0.425548	0.434919	-0.0108905
1.16488e-06	0.471217	0.48102	-0.0102951
1.14808e-06	0.504177	0.514108	-0.00975256
1.13175e-06	0.522234	0.53164	-0.00892606
1.11589e-06	0.52506	0.5343	-0.00872197
1.10046e-06	0.515049	0.524335	-0.00893413
1.08545e-06	0.495927	0.504546	-0.00861461
1.07085e-06	0.469968	0.477956	-0.00842681
1.05664e-06	0.440334	0.448079	-0.00871824
1.04279e-06	0.413231	0.419832	-0.00792402
1.02931e-06	0.397011	0.401425	-0.0055289
1.01617e-06	0.404818	0.406501	-0.00207489
1.00336e-06	0.447496	0.44526	0.00250488
9.90871e-07	0.483873	0.478597	0.0054822
9.78689e-07	0.44017	0.436477	0.00421247
9.66802e-07	0.348146	0.348013	0.000190373
9.552e-07	0.263534	0.265354	-0.00344014
9.43874e-07	0.199223	0.201907	-0.00669069
9.32813e-07	0.153241	0.156492	-0.010498
9.22008e-07	0.12418	0.126703	-0.0100553
9.1145e-07	0.111007	0.111237	-0.00103379
9.01132e-07	0.113548	0.109505	0.0181271
8.91045e-07	0.132037	0.118497	0.0540472
8.81181e-07	0.148074	0.117422	0.115452
8.71533e-07	0.112244	0.0794701	0.170952
8.62094e-07	0.0970486	0.0836443	0.0741824
8.52857e-07	0.13392	0.133311	0.00228063
8.43816e-07	0.194795	0.200324	-0.0139921
8.34965e-07	0.274487	0.282078	-0.0136395
8.26298e-07	0.380427	0.392354	-0.0154342
8.17808e-07	0.642015	0.628608	0.0105517
8.09492e-07	0.652531	0.659252	-0.00512325
8.01342e-07	0.638924	0.659004	-0.0154706
7.93355e-07	0.622034	0.651044	-0.0227874
7.85526e-07	0.604762	0.638648	-0.0272528
7.7785e-07	0.585176	0.625648	-0.0334252
7.70323e-07	0.574816	0.616771	-0.0352092
7.62939e-07	0.576901	0.614765	-0.0317738
7.55696e-07	0.583492	0.618745	-0.0293226
7.48589e-07	0.594664	0.626057	-0.0257168
7.41615e-07	0.607186	0.633109	-0.0209003
7.34769e-07	0.61233	0.636339	-0.0192281
7.28049e-07	0.611135	0.633395	-0.0178867
7.2145e-07	0.60696	0.624199	-0.0140023
7.1497e-07	0.599302	0.611299	-0.00990976
7.08605e-07	0.593254	0.599522	-0.00525528
7.02353e-07	0.595153	0.594412	0.000623223
6.9621e-07	0.605529	0.599318	0.00515445
6.90173e-07	0.623055	0.613818	0.00746745
6.84241e-07	0.645792	0.635373	0.00813221
6.78409e-07	0.674628	0.664291	0.00772019
6.72676e-07	0.682783	0.674454	0.00613649
6.67039e-07	0.660522	0.654345	0.00469765
6.61496e-07	0.650954	0.645326	0.00434139
6.56044e-07	0.645347	0.640714	0.00360243
6.50681e-07	0.641439	0.638492	0.0023028
6.45405e-07	0.63925	0.637148	0.00164687
6.40214e-07	0.638129	0.636667	0.00114639
6.35106e-07	0.63741	0.637437	-2.16443e-05
6.30079e-07	0.637709	0.638983	-0.000997585
6.25131e-07	0.638884	0.640436	-0.0012138
6.2026e-07	0.640257	0.641916	-0.00129425
6.15464e-07	0.64222	0.643914	-0.00131697
6.10742e-07	0.645008	0.646298	-0.000998467
6.06091e-07	0.647979	0.648805	-0.000636662
6.01511e-07	0.651209	0.651601	-0.000300543
5.97e-07	0.655307	0.65504	0.000203954
5.92556e-07	0.65998	0.659214	0.000580284
5.88177e-07	0.664706	0.663891	0.000613381
5.83863e-07	0.669638	0.668861	0.000580595
5.79612e-07	0.674654	0.673887	0.000568771
5.75422e-07	0.685178	0.685507	-0.00023948
5.71292e-07	0.69093	0.691263	-0.000240717
5.67221e-07	0.695309	0.69576	-0.000324384
5.63208e-07	0.699193	0.699499	-0.000218178
5.59251e-07	0.702562	0.70267	-7.70253e-05
5.55349e-07	0.705402	0.705419	-1.26328e-05
5.51501e-07	0.708215	0.707877	0.000238761
5.47706e-07	0.710737	0.710117	0.000436705
5.43964e-07	0.712841	0.712122	0.00050462
5.40271e-07	0.714801	0.713807	0.000695755
5.36629e-07	0.716335	0.715086	0.000872644
5.33036e-07	0.717216	0.715914	0.000908089
5.2949e-07	0.717709	0.716304	0.000980155
5.25991e-07	0.717838	0.716304	0.00107003
5.22538e-07	0.717494	0.715982	0.00105486
5.1913e-07	0.716871	0.715405	0.00102342
5.15767e-07	0.716101	0.714623	0.00103301
5.12446e-07	0.71511	0.713668	0.0010092
5.09168e-07	0.713917	0.712552	0.000956778
5.05932e-07	0.712609	0.711275	0.000936781
5.02737e-07	0.711159	0.709829	0.000935734
4.99582e-07	0.709513	0.708209	0.000919807
4.96466e-07	0.707702	0.706416	0.000909183
4.93388e-07	0.705777	0.704463	0.000931393
4.90349e-07	0.703736	0.702377	0.000966312
4.87347e-07	0.701586	0.700201	0.000988332
4.84381e-07	0.699426	0.697998	0.00102195
4.81452e-07	0.697383	0.695867	0.00108823
4.78557e-07	0.695716	0.6941	0.00116236
4.75697e-07	0.692968	0.691359	0.0011625
4.72871e-07	0.687888	0.686472	0.00103045
4.70079e-07	0.683914	0.682592	0.000967561
4.67319e-07	0.680351	0.679121	0.000904612
4.64591e-07	0.677137	0.675943	0.00088306
4.61896e-07	0.674195	0.673014	0.000876203
4.59231e-07	0.671441	0.670319	0.000836748
4.56597e-07	0.668934	0.667847	0.000813057
4.53992e-07	0.666685	0.66559	0.000822072
4.51418e-07	0.664608	0.663538	0.000806073
4.48872e-07	0.662715	0.66168	0.00078135
4.46355e-07	0.661052	0.660006	0.00079216
4.43866e-07	0.659548	0.658498	0.000796674
4.41405e-07	0.65816	0.657138	0.000776973
4.38971e-07	0.656931	0.655906	0.000780772
4.36563e-07	0.655824	0.654782	0.000795327
4.34182e-07	0.654773	0.653749	0.000783221
4.31826e-07	0.653808	0.652793	0.000777105
4.29496e-07	0.652936	0.651903	0.000791518
4.27191e-07	0.652098	0.65107	0.000789007
4.24911e-07	0.651301	0.650286	0.000779694
4.22655e-07	0.650577	0.649546	0.000792788
4.20423e-07	0.649896	0.648851	0.000804368
4.18214e-07	0.649252	0.648208	0.00080455
4.16028e-07	0.648705	0.647638	0.000822383
4.13865e-07	0.648302	0.647192	0.000857023
4.11724e-07	0.648161	0.647	0.00089641
4.09605e-07	0.649522	0.648208	0.00101248
4.07509e-07	0.653667	0.652527	0.000872389
4.05433e-07	0.654669	0.65341	0.000962167
4.03378e-07	0.654933	0.653717	0.000929345
4.01345e-07	0.654991	0.653768	0.000934101
3.99331e-07	0.654951	0.653702	0.000954346
3.97338e-07	0.65479	0.653602	0.000908085
3.95364e-07	0.654748	0.65352	0.000939159
3.9341e-07	0.654718	0.653491	0.000938205
3.91475e-07	0.654712	0.653531	0.000902659
3.8956e-07	0.654868	0.653646	0.000934293
3.87662e-07	0.655049	0.653828	0.000932685
3.85784e-07	0.655252	0.654066	0.000905621
3.83923e-07	0.655562	0.65434	0.000933524
3.8208e-07	0.655853	0.654621	0.000940145
3.80255e-07	0.656089	0.654881	0.000921495
3.78447e-07	0.656325	0.65509	0.000942287
3.76656e-07	0.656472	0.655219	0.000954975
3.74882e-07	0.656483	0.655247	0.000941837
3.73125e-07	0.656405	0.655162	0.00094774
3.71384e-07	0.656208	0.654959	0.000951936
3.69659e-07	0.655879	0.654658	0.000931943
3.67951e-07	0.655508	0.654315	0.000910702
3.66258e-07	0.656002	0.65472	0.000978125
3.6458e-07	0.657494	0.65664	0.000649508
3.62918e-07	0.65767	0.656949	0.00054848
3.61271e-07	0.657506	0.656965	0.000411753
3.59639e-07	0.657334	0.656891	0.000337573
3.58021e-07	0.657218	0.656831	0.00029402
3.56418e-07	0.657126	0.656858	0.000203452
3.54829e-07	0.657283	0.657023	0.000197493
3.53254e-07	0.657594	0.657359	0.000178603
3.51694e-07	0.658022	0.657882	0.000106366
3.50147e-07	0.658717	0.658591	9.49539e-05
3.48613e-07	0.659578	0.659474	7.87229e-05
3.47093e-07	0.66051	0.660506	3.26381e-06
3.45586e-07	0.661595	0.661656	-4.60846e-05
3.44092e-07	0.662792	0.662895	-7.80376e-05
3.42611e-07	0.663984	0.664204	-0.000165754
3.41143e-07	0.665234	0.665592	-0.000268895
3.39687e-07	0.666693	0.667138	-0.000333128
3.38244e-07	0.668736	0.669321	-0.00043701
3.36812e-07	0.670179	0.671254	-0.000801576
3.35393e-07	0.667511	0.668533	-0.000764794
3.33986e-07	0.665788	0.666726	-0.000704142
3.32591e-07	0.66413	0.665073	-0.000708822
3.31207e-07	0.662481	0.663458	-0.000737078
3.29834e-07	0.660945	0.661868	-0.000698162
3.28473e-07	0.659417	0.660327	-0.000690035
3.27123e-07	0.657917	0.658875	-0.00072755
3.25784e-07	0.656654	0.657556	-0.000686441
3.24457e-07	0.655575	0.656416	-0.000640862
3.23139e-07	0.654609	0.655493	-0.000674508
3.21833e-07	0.653965	0.654811	-0.000646621
3.20537e-07	0.653634	0.654379	-0.000569696
3.19251e-07	0.653416	0.654189	-0.000591281
3.17976e-07	0.65344	0.654221	-0.000596758
3.16711e-07	0.653769	0.654439	-0.000511559
3.15456e-07	0.654126	0.654796	-0.000511542
3.14211e-07	0.654514	0.655238	-0.00055319
3.12975e-07	0.655076	0.655707	-0.000481278
3.11749e-07	0.655556	0.656145	-0.000448554
3.10533e-07	0.655831	0.656502	-0.0005112
3.09326e-07	0.656119	0.656739	-0.000472176
3.08129e-07	0.656294	0.656832	-0.000409765
3.06941e-07	0.656153	0.656777	-0.000474793
3.05762e-07	0.655955	0.656593	-0.000486097
3.04592e-07	0.655782	0.656334	-0.000420697
3.03431e-07	0.655476	0.656125	-0.000495013
3.02278e-07	0.655471	0.656335	-0.000658651
3.01135e-07	0.655042	0.655993	-0.0007253
3e-07	0.652785	0.65376	-0.000746239
