1.2e-06	0.560158	0.562648	-0.00221815
1.18218e-06	0.581511	0.584684	-0.0027208
1.16488e-06	0.595178	0.598516	-0.00279644
1.14808e-06	0.600462	0.60403	-0.00296278
1.13175e-06	0.595389	0.599051	-0.00306563
1.11589e-06	0.579581	0.584712	-0.00440702
1.10046e-06	0.553766	0.559427	-0.0050859
1.08545e-06	0.517381	0.52368	-0.00605102
1.07085e-06	0.474309	0.483892	-0.010001
1.05664e-06	0.451554	0.464001	-0.0135955
1.04279e-06	0.511052	0.525263	-0.0137131
1.02931e-06	0.604263	0.615261	-0.00901768
1.01617e-06	0.603863	0.610889	-0.00578456
1.00336e-06	0.547163	0.552414	-0.00477572
9.90871e-07	0.47625	0.479514	-0.00341521
9.78689e-07	0.402428	0.40624	-0.0047137
9.66802e-07	0.329961	0.334065	-0.00617977
9.552e-07	0.261015	0.264326	-0.00630254
9.43874e-07	0.195933	0.199943	-0.0101276
9.32813e-07	0.137119	0.141292	-0.0149908
9.22008e-07	0.0898781	0.0944286	-0.0246899
9.1145e-07	0.0613162	0.0647034	-0.0268784
9.01132e-07	0.0653513	0.0654977	-0.00111871
8.91045e-07	0.102445	0.094281	0.0414974
8.81181e-07	0.0870294	0.0735351	0.084043
8.71533e-07	0.0477742	0.0391811	0.0988223
8.62094e-07	0.0390774	0.0356151	0.0463532
8.52857e-07	0.0643239	0.0604588	0.0309748
8.43816e-07	0.140098	0.137603	0.00898416
8.34965e-07	0.377966	0.391753	-0.0179109
8.26298e-07	0.371094	0.392942	-0.0285954
8.17808e-07	0.381093	0.403057	-0.0280092
8.09492e-07	0.389938	0.411469	-0.0268664
8.01342e-07	0.401007	0.426032	-0.0302584
7.93355e-07	0.421605	0.442598	-0.0242921
7.85526e-07	0.450444	0.464228	-0.0150704
7.7785e-07	0.479847	0.489201	-0.0096527
7.70323e-07	0.507466	0.514027	-0.00642244
7.62939e-07	0.534805	0.538421	-0.00336926
7.55696e-07	0.558507	0.55738	0.00101014
7.48589e-07	0.574076	0.572719	0.00118379
7.41615e-07	0.582226	0.582203	1.99085e-05
7.34769e-07	0.58436	0.584104	0.00021888
7.28049e-07	0.578062	0.578784	-0.000623869
7.2145e-07	0.562359	0.562616	-0.000228428
7.1497e-07	0.542563	0.541728	0.000769917
7.08605e-07	0.527099	0.523762	0.00317536
7.02353e-07	0.522203	0.516384	0.0056025
6.9621e-07	0.536142	0.528628	0.00705655
6.90173e-07	0.549863	0.543502	0.00581793
6.84241e-07	0.544536	0.543668	0.000797076
6.78409e-07	0.538684	0.539304	-0.000575323
6.72676e-07	0.536963	0.538166	-0.00111874
6.67039e-07	0.538241	0.539783	-0.00143091
6.61496e-07	0.541638	0.542175	-0.000495016
6.56044e-07	0.546742	0.547203	-0.000421724
6.50681e-07	0.553273	0.553656	-0.000345685
6.45405e-07	0.559973	0.559392	0.000518907
6.40214e-07	0.565857	0.565176	0.00060185
6.35106e-07	0.571146	0.569929	0.00106647
6.30079e-07	0.575905	0.574758	0.000996559
6.25131e-07	0.580169	0.579387	0.000674585
6.2026e-07	0.584248	0.583522	0.000621842
6.15464e-07	0.588351	0.588352	-9.34656e-07
6.10742e-07	0.59267	0.593145	-0.000400863
6.06091e-07	0.597592	0.598935	-0.00112192
6.01511e-07	0.603508	0.605715	-0.00182533
5.97e-07	0.61034	0.612916	-0.00210537
5.92556e-07	0.620865	0.624888	-0.00322927
5.88177e-07	0.63812	0.640196	-0.0016242
5.83863e-07	0.646907	0.649012	-0.00162404
5.79612e-07	0.653824	0.656157	-0.00178046
5.75422e-07	0.659901	0.6625	-0.00196567
5.71292e-07	0.665701	0.668409	-0.0020299
5.67221e-07	0.671001	0.673416	-0.00179661
5.63208e-07	0.675507	0.678093	-0.00191017
5.59251e-07	0.679539	0.682214	-0.00196452
5.55349e-07	0.683404	0.685793	-0.00174515
5.51501e-07	0.686972	0.689295	-0.00168793
5.47706e-07	0.690184	0.692347	-0.00156481
5.43964e-07	0.693142	0.695154	-0.00144966
5.40271e-07	0.695723	0.697596	-0.00134441
5.36629e-07	0.697759	0.699475	-0.00122832
5.33036e-07	0.699294	0.700908	-0.00115237
5.2949e-07	0.700332	0.70178	-0.00103238
5.25991e-07	0.700811	0.702166	-0.000965893
5.22538e-07	0.700855	0.702121	-0.000902076
5.1913e-07	0.700585	0.701717	-0.000807037
5.15767e-07	0.699937	0.700975	-0.000741443
5.12446e-07	0.698965	0.699995	-0.000736058
5.09168e-07	0.697845	0.69879	-0.0006762
5.05932e-07	0.696524	0.697345	-0.00058921
5.02737e-07	0.69492	0.6958	-0.000632711
4.99582e-07	0.693228	0.694045	-0.00058937
4.96466e-07	0.691544	0.692251	-0.000510844
4.93388e-07	0.689734	0.690464	-0.000529192
4.90349e-07	0.688133	0.688863	-0.00053013
4.87347e-07	0.686036	0.685967	5.09067e-05
4.84381e-07	0.679416	0.679627	-0.000155161
4.81452e-07	0.674068	0.674256	-0.000139517
4.78557e-07	0.669299	0.6696	-0.000224534
4.75697e-07	0.665023	0.665214	-0.000143208
4.72871e-07	0.661028	0.661216	-0.000142039
4.70079e-07	0.657172	0.657371	-0.000151003
4.67319e-07	0.653593	0.653772	-0.000136412
4.64591e-07	0.650306	0.650447	-0.000108306
4.61896e-07	0.647171	0.647267	-7.36128e-05
4.59231e-07	0.644254	0.644416	-0.000125465
4.56597e-07	0.641668	0.641747	-6.13147e-05
4.53992e-07	0.639305	0.639332	-2.10384e-05
4.51418e-07	0.637105	0.637194	-7.01955e-05
4.48872e-07	0.635188	0.635214	-2.0082e-05
4.46355e-07	0.633536	0.633516	1.53665e-05
4.43866e-07	0.632007	0.631974	2.64258e-05
4.41405e-07	0.630652	0.630625	2.18466e-05
4.38971e-07	0.629558	0.62948	6.18243e-05
4.36563e-07	0.628611	0.628451	0.000127344
4.34182e-07	0.627748	0.627624	9.84058e-05
4.31826e-07	0.627081	0.626909	0.000137274
4.29496e-07	0.62661	0.62634	0.000215706
4.27191e-07	0.626226	0.625933	0.000233891
4.24911e-07	0.626011	0.625688	0.0002587
4.22655e-07	0.626234	0.625803	0.000344132
4.20423e-07	0.627836	0.627168	0.000532068
4.18214e-07	0.630287	0.629194	0.000867846
4.16028e-07	0.635495	0.634926	0.000448155
4.13865e-07	0.636847	0.636269	0.000454084
4.11724e-07	0.637454	0.636871	0.000457268
4.09605e-07	0.637696	0.636957	0.000579809
4.07509e-07	0.637656	0.63686	0.000625147
4.05433e-07	0.637349	0.63674	0.000477808
4.03378e-07	0.636998	0.636431	0.000445605
4.01345e-07	0.636837	0.63615	0.000539593
3.99331e-07	0.636729	0.635976	0.000591571
3.97338e-07	0.636481	0.635744	0.000579316
3.95364e-07	0.636294	0.635659	0.000499313
3.9341e-07	0.636392	0.635698	0.000545498
3.91475e-07	0.636605	0.635749	0.000672152
3.8956e-07	0.636754	0.635994	0.000596649
3.87662e-07	0.636995	0.636293	0.00055169
3.85784e-07	0.637432	0.636617	0.000639655
3.83923e-07	0.637883	0.637062	0.000643889
3.8208e-07	0.638242	0.63744	0.000629011
3.80255e-07	0.638599	0.637821	0.000609458
3.78447e-07	0.638961	0.638181	0.000610702
3.76656e-07	0.6393	0.638476	0.000645128
3.74882e-07	0.639803	0.638967	0.000653919
3.73125e-07	0.640953	0.640365	0.000458642
3.71384e-07	0.641384	0.640899	0.000377982
3.69659e-07	0.641478	0.641099	0.000294978
3.67951e-07	0.641396	0.641095	0.000234441
3.66258e-07	0.641178	0.640969	0.000162888
3.6458e-07	0.640918	0.640773	0.000112765
3.62918e-07	0.64071	0.640586	9.68714e-05
3.61271e-07	0.640523	0.64042	8.08027e-05
3.59639e-07	0.640361	0.64036	1.00958e-06
3.58021e-07	0.640395	0.640463	-5.29708e-05
3.56418e-07	0.640711	0.64074	-2.26167e-05
3.54829e-07	0.641207	0.641296	-6.91345e-05
3.53254e-07	0.641908	0.642084	-0.000137298
3.51694e-07	0.642994	0.643209	-0.000167118
3.50147e-07	0.644477	0.644682	-0.000159398
3.48613e-07	0.646312	0.646546	-0.000180889
3.47093e-07	0.649226	0.649606	-0.000292651
3.45586e-07	0.651902	0.652419	-0.00039689
3.44092e-07	0.654877	0.655545	-0.000509232
3.42611e-07	0.651706	0.652602	-0.000687034
3.41143e-07	0.650055	0.651062	-0.000773618
3.39687e-07	0.648904	0.649835	-0.000716864
3.38244e-07	0.647735	0.648632	-0.000692049
3.36812e-07	0.646425	0.647445	-0.000787946
3.35393e-07	0.645167	0.646204	-0.000802663
3.33986e-07	0.643899	0.644803	-0.000701423
3.32591e-07	0.642419	0.643425	-0.000782478
3.31207e-07	0.640852	0.641891	-0.0008102
3.29834e-07	0.639389	0.640356	-0.000755396
3.28473e-07	0.637925	0.638894	-0.000758958
3.27123e-07	0.636409	0.63737	-0.0007546
3.25784e-07	0.635066	0.636099	-0.000812551
3.24457e-07	0.633976	0.634892	-0.000721939
3.23139e-07	0.632996	0.633881	-0.000698511
3.21833e-07	0.632179	0.63319	-0.000798781
3.20537e-07	0.6317	0.632568	-0.000685935
3.19251e-07	0.631469	0.632323	-0.000675353
3.17976e-07	0.631333	0.632198	-0.000683946
3.16711e-07	0.631386	0.63221	-0.000651651
3.15456e-07	0.631676	0.632492	-0.000645634
3.14211e-07	0.632014	0.632681	-0.000527091
3.12975e-07	0.632329	0.63308	-0.000593533
3.11749e-07	0.632741	0.633437	-0.000549409
3.10533e-07	0.633213	0.633724	-0.000403561
3.09326e-07	0.63354	0.634145	-0.000477172
3.08129e-07	0.634276	0.634739	-0.000364319
3.06941e-07	0.633281	0.63385	-0.000448814
3.05762e-07	0.632201	0.632799	-0.000472354
3.04592e-07	0.630931	0.631504	-0.000453565
3.03431e-07	0.629578	0.630298	-0.000571794
3.02278e-07	0.62819	0.628773	-0.000463877
3.01135e-07	0.626702	0.627341	-0.00050973
3e-07	0.625196	0.625935	-0.000590392
