1.2e-06	0.523024	0.529194	-0.00586402
1.18218e-06	0.549729	0.557212	-0.00675972
1.16488e-06	0.568477	0.577438	-0.00781964
1.14808e-06	0.577917	0.588033	-0.00867629
1.13175e-06	0.576467	0.58776	-0.0097
1.11589e-06	0.562122	0.575813	-0.0120316
1.10046e-06	0.533134	0.551619	-0.0170401
1.08545e-06	0.49046	0.517147	-0.0264855
1.07085e-06	0.451591	0.49149	-0.0423069
1.05664e-06	0.488338	0.540011	-0.0502483
1.04279e-06	0.583699	0.624222	-0.0335481
1.02931e-06	0.581806	0.606773	-0.021006
1.01617e-06	0.522615	0.540314	-0.0166507
1.00336e-06	0.450014	0.464482	-0.0158207
9.90871e-07	0.375466	0.388386	-0.016914
9.78689e-07	0.302196	0.314925	-0.0206274
9.66802e-07	0.232837	0.246381	-0.0282617
9.552e-07	0.171789	0.186373	-0.0407177
9.43874e-07	0.125879	0.141376	-0.0579887
9.32813e-07	0.104503	0.120987	-0.073104
9.22008e-07	0.118922	0.135814	-0.0663139
9.1145e-07	0.169102	0.182722	-0.0387123
9.01132e-07	0.194062	0.1976	-0.00903422
8.91045e-07	0.128241	0.121689	0.0262154
8.81181e-07	0.061502	0.0513547	0.0899132
8.71533e-07	0.0595016	0.0470582	0.116774
8.62094e-07	0.144528	0.116176	0.108752
8.52857e-07	0.262549	0.266574	-0.0076074
8.43816e-07	0.314359	0.316067	-0.00270935
8.34965e-07	0.339204	0.341475	-0.00333599
8.26298e-07	0.366228	0.371181	-0.00671636
8.17808e-07	0.394947	0.403269	-0.0104255
8.09492e-07	0.423757	0.435028	-0.013125
8.01342e-07	0.452665	0.466085	-0.014607
7.93355e-07	0.482605	0.496976	-0.0146712
7.85526e-07	0.513688	0.526978	-0.0127704
7.7785e-07	0.544165	0.554071	-0.00901999
7.70323e-07	0.571176	0.57671	-0.00482096
7.62939e-07	0.592401	0.594935	-0.00213444
7.55696e-07	0.607694	0.609723	-0.00166658
7.48589e-07	0.618675	0.621443	-0.00223207
7.41615e-07	0.626246	0.629312	-0.00244133
7.34769e-07	0.629422	0.63176	-0.00185405
7.28049e-07	0.626556	0.627686	-0.000901362
7.2145e-07	0.617368	0.617146	0.000180456
7.1497e-07	0.60528	0.603793	0.00122997
7.08605e-07	0.603826	0.599685	0.00344118
7.02353e-07	0.610662	0.603687	0.00574334
6.9621e-07	0.595743	0.595809	-5.54855e-05
6.90173e-07	0.587924	0.591332	-0.00289002
6.84241e-07	0.5838	0.58857	-0.00406826
6.78409e-07	0.582089	0.586679	-0.00392772
6.72676e-07	0.582036	0.585566	-0.00302318
6.67039e-07	0.582706	0.584905	-0.00188272
6.61496e-07	0.583475	0.584475	-0.00085653
6.56044e-07	0.585332	0.585585	-0.000216749
6.50681e-07	0.588894	0.588727	0.000142076
6.45405e-07	0.593318	0.592785	0.000449383
6.40214e-07	0.597363	0.596724	0.000535034
6.35106e-07	0.601078	0.600807	0.000225584
6.30079e-07	0.604925	0.605454	-0.000437423
6.25131e-07	0.608782	0.610223	-0.00118216
6.2026e-07	0.612705	0.614871	-0.0017642
6.15464e-07	0.617033	0.619814	-0.00224878
6.10742e-07	0.622308	0.625697	-0.00271599
6.06091e-07	0.630191	0.634158	-0.0031382
6.01511e-07	0.651831	0.656774	-0.00377801
5.97e-07	0.66172	0.668003	-0.00472528
5.92556e-07	0.669453	0.675736	-0.00467125
5.88177e-07	0.676453	0.682348	-0.00433807
5.83863e-07	0.683142	0.6886	-0.00397878
5.79612e-07	0.689616	0.694736	-0.0036986
5.75422e-07	0.695754	0.700666	-0.00351762
5.71292e-07	0.701402	0.706204	-0.00341136
5.67221e-07	0.706492	0.711235	-0.00334575
5.63208e-07	0.71104	0.715705	-0.00326958
5.59251e-07	0.715114	0.719587	-0.00311753
5.55349e-07	0.718775	0.722932	-0.00288356
5.51501e-07	0.722042	0.725891	-0.0026586
5.47706e-07	0.724933	0.728607	-0.00252762
5.43964e-07	0.727494	0.731058	-0.00244374
5.40271e-07	0.729746	0.733078	-0.00227764
5.36629e-07	0.731613	0.734543	-0.00199829
5.33036e-07	0.732959	0.735502	-0.00173167
5.2949e-07	0.733722	0.736075	-0.0016009
5.25991e-07	0.734	0.7363	-0.00156423
5.22538e-07	0.733969	0.736143	-0.00147848
5.1913e-07	0.733733	0.73564	-0.00129768
5.15767e-07	0.733281	0.734936	-0.0011276
5.12446e-07	0.732595	0.734162	-0.00106871
5.09168e-07	0.731769	0.73335	-0.00107931
5.05932e-07	0.730985	0.732515	-0.00104529
5.02737e-07	0.730452	0.731825	-0.000938868
4.99582e-07	0.7306	0.731775	-0.000803423
4.96466e-07	0.72617	0.726475	-0.000210012
4.93388e-07	0.718559	0.719139	-0.000403472
4.90349e-07	0.713208	0.713794	-0.000410435
4.87347e-07	0.708636	0.709144	-0.000358437
4.84381e-07	0.7045	0.704947	-0.00031721
4.81452e-07	0.700566	0.701005	-0.000313723
4.78557e-07	0.696714	0.697155	-0.000316534
4.75697e-07	0.692967	0.69338	-0.000298037
4.72871e-07	0.689411	0.689785	-0.000271061
4.70079e-07	0.686079	0.686427	-0.00025377
4.67319e-07	0.682925	0.68325	-0.000237293
4.64591e-07	0.679907	0.680194	-0.000210465
4.61896e-07	0.677051	0.677305	-0.000187716
4.59231e-07	0.674428	0.674675	-0.00018349
4.56597e-07	0.672072	0.672311	-0.000178052
4.53992e-07	0.669945	0.670137	-0.000143179
4.51418e-07	0.667993	0.668116	-9.26542e-05
4.48872e-07	0.666214	0.666306	-6.90401e-05
4.46355e-07	0.66466	0.664762	-7.67861e-05
4.43866e-07	0.663367	0.663456	-6.74184e-05
4.41405e-07	0.662312	0.662324	-9.75647e-06
4.38971e-07	0.661441	0.661363	5.93384e-05
4.36563e-07	0.66074	0.660624	8.7365e-05
4.34182e-07	0.660261	0.660146	8.70982e-05
4.31826e-07	0.660142	0.659984	0.000119678
4.29496e-07	0.661413	0.661029	0.000290272
4.27191e-07	0.663418	0.662754	0.000500388
4.24911e-07	0.668031	0.667429	0.00045052
4.22655e-07	0.66922	0.668664	0.000415242
4.20423e-07	0.669522	0.668955	0.00042363
4.18214e-07	0.669379	0.668753	0.000467925
4.16028e-07	0.668987	0.668326	0.000494107
4.13865e-07	0.668456	0.667808	0.00048519
4.11724e-07	0.667859	0.667201	0.000492769
4.09605e-07	0.667234	0.666489	0.000558878
4.07509e-07	0.666593	0.665737	0.000642479
4.05433e-07	0.665943	0.665057	0.000665698
4.03378e-07	0.665322	0.664497	0.000620312
4.01345e-07	0.664794	0.664019	0.000583493
3.99331e-07	0.664404	0.663583	0.000618549
3.97338e-07	0.664147	0.663222	0.000696422
3.95364e-07	0.663985	0.663004	0.000739267
3.9341e-07	0.663901	0.662948	0.000718268
3.91475e-07	0.663915	0.663018	0.000676348
3.8956e-07	0.664058	0.663179	0.000662224
3.87662e-07	0.664323	0.663427	0.000675096
3.85784e-07	0.664663	0.663761	0.000679188
3.83923e-07	0.66531	0.664453	0.000644345
3.8208e-07	0.666461	0.665762	0.000524461
3.80255e-07	0.667847	0.667403	0.000332552
3.78447e-07	0.668555	0.668251	0.000227686
3.76656e-07	0.669042	0.668854	0.000141129
3.74882e-07	0.669348	0.669241	8.00792e-05
3.73125e-07	0.669484	0.669444	2.95027e-05
3.71384e-07	0.66947	0.669519	-3.66677e-05
3.69659e-07	0.669335	0.669494	-0.000118499
3.67951e-07	0.66911	0.669357	-0.000184387
3.66258e-07	0.668835	0.66912	-0.000213034
3.6458e-07	0.668566	0.668868	-0.000225562
3.62918e-07	0.668362	0.668708	-0.000258881
3.61271e-07	0.668269	0.668694	-0.000317546
3.59639e-07	0.668335	0.668837	-0.000374875
3.58021e-07	0.668639	0.669201	-0.000420003
3.56418e-07	0.669326	0.669967	-0.000478542
3.54829e-07	0.670799	0.671578	-0.000579786
3.53254e-07	0.672806	0.673868	-0.000788907
3.51694e-07	0.675633	0.67712	-0.00109916
3.50147e-07	0.67278	0.674313	-0.00113788
3.48613e-07	0.671295	0.672866	-0.00116893
3.47093e-07	0.670316	0.671957	-0.00122265
3.45586e-07	0.669659	0.671344	-0.0012559
3.44092e-07	0.669182	0.670839	-0.0012364
3.42611e-07	0.66873	0.670335	-0.00119816
3.41143e-07	0.668206	0.669816	-0.00120315
3.39687e-07	0.667597	0.669275	-0.0012556
3.38244e-07	0.666936	0.668659	-0.00128994
3.36812e-07	0.666223	0.667899	-0.00125658
3.35393e-07	0.665393	0.66698	-0.00119073
3.33986e-07	0.664388	0.665941	-0.00116747
3.32591e-07	0.663222	0.664818	-0.00120201
3.31207e-07	0.661987	0.663616	-0.0012295
3.29834e-07	0.660773	0.662348	-0.00119085
3.28473e-07	0.659609	0.661073	-0.00110848
3.27123e-07	0.658483	0.659871	-0.00105337
3.25784e-07	0.657417	0.658802	-0.00105208
3.24457e-07	0.656497	0.657886	-0.00105681
3.23139e-07	0.655819	0.657146	-0.00101077
3.21833e-07	0.655419	0.656623	-0.000917933
3.20537e-07	0.655265	0.656354	-0.000830967
3.19251e-07	0.655322	0.656348	-0.000782231
3.17976e-07	0.65562	0.6566	-0.000746551
3.16711e-07	0.656264	0.657137	-0.000664742
3.15456e-07	0.657309	0.658077	-0.000583812
3.14211e-07	0.657819	0.658631	-0.000617402
3.12975e-07	0.657441	0.658336	-0.000679922
3.11749e-07	0.657201	0.658175	-0.000740773
3.10533e-07	0.656934	0.657976	-0.000792147
3.09326e-07	0.656609	0.657669	-0.000806547
3.08129e-07	0.65616	0.657199	-0.000791133
3.06941e-07	0.655503	0.656535	-0.000786736
3.05762e-07	0.6546	0.655679	-0.000823315
3.04592e-07	0.653501	0.654656	-0.00088254
3.03431e-07	0.652302	0.653507	-0.000922348
3.02278e-07	0.651313	0.652455	-0.000876033
3.01135e-07	0.650365	0.6515	-0.000872045
3e-07	0.649227	0.650372	-0.00088146
