1.2e-06	0.535708	0.541713	-0.00557417
1.18218e-06	0.564243	0.570492	-0.00550714
1.16488e-06	0.583898	0.590829	-0.0058995
1.14808e-06	0.593385	0.601612	-0.00688477
1.13175e-06	0.592646	0.602066	-0.00788452
1.11589e-06	0.580731	0.590914	-0.00869137
1.10046e-06	0.555536	0.567865	-0.0109749
1.08545e-06	0.516145	0.533362	-0.0164047
1.07085e-06	0.468974	0.493701	-0.025685
1.05664e-06	0.459049	0.494386	-0.0370619
1.04279e-06	0.547823	0.582743	-0.0308868
1.02931e-06	0.573503	0.5958	-0.0190687
1.01617e-06	0.520992	0.535719	-0.0139372
1.00336e-06	0.451445	0.463127	-0.0127729
9.90871e-07	0.379628	0.3902	-0.0137328
9.78689e-07	0.308363	0.318791	-0.0166265
9.66802e-07	0.240517	0.251854	-0.0230243
9.552e-07	0.179418	0.191129	-0.0316049
9.43874e-07	0.128075	0.139581	-0.0429876
9.32813e-07	0.0906687	0.103383	-0.0655217
9.22008e-07	0.0739899	0.0878108	-0.085419
9.1145e-07	0.0866624	0.0999804	-0.0713552
9.01132e-07	0.132603	0.144804	-0.0439816
8.91045e-07	0.166059	0.170626	-0.0135633
8.81181e-07	0.103787	0.0952795	0.0427351
8.71533e-07	0.0675087	0.0537645	0.113333
8.62094e-07	0.140283	0.120328	0.0765697
8.52857e-07	0.31627	0.324456	-0.0127757
8.43816e-07	0.363299	0.371733	-0.0114743
8.34965e-07	0.384161	0.395795	-0.0149153
8.26298e-07	0.405876	0.420035	-0.0171431
8.17808e-07	0.427	0.442483	-0.0178075
8.09492e-07	0.448345	0.469497	-0.0230451
8.01342e-07	0.472931	0.499402	-0.0272235
7.93355e-07	0.501109	0.525251	-0.0235223
7.85526e-07	0.529817	0.549148	-0.017916
7.7785e-07	0.556576	0.573452	-0.0149345
7.70323e-07	0.581281	0.593636	-0.0105152
7.62939e-07	0.603315	0.608581	-0.00434504
7.55696e-07	0.620206	0.62067	-0.000374328
7.48589e-07	0.630426	0.628614	0.00143896
7.41615e-07	0.634919	0.631584	0.0026328
7.34769e-07	0.635164	0.631123	0.00319126
7.28049e-07	0.630996	0.625724	0.00419525
7.2145e-07	0.622105	0.613791	0.00672713
7.1497e-07	0.611544	0.600656	0.00898233
7.08605e-07	0.613798	0.600835	0.0106726
7.02353e-07	0.621386	0.608246	0.0106866
6.9621e-07	0.603896	0.598705	0.00431616
6.90173e-07	0.594764	0.593804	0.000807313
6.84241e-07	0.590058	0.591697	-0.00138678
6.78409e-07	0.58821	0.590703	-0.00211475
6.72676e-07	0.587333	0.589624	-0.00194723
6.67039e-07	0.586458	0.588508	-0.00174417
6.61496e-07	0.586022	0.587894	-0.00159407
6.56044e-07	0.587065	0.588447	-0.00117599
6.50681e-07	0.589389	0.590487	-0.000930287
6.45405e-07	0.592224	0.593507	-0.00108263
6.40214e-07	0.59533	0.596614	-0.00107726
6.35106e-07	0.599002	0.600196	-0.000995359
6.30079e-07	0.603108	0.60487	-0.00145839
6.25131e-07	0.607019	0.609669	-0.00217761
6.2026e-07	0.610953	0.614016	-0.00250065
6.15464e-07	0.615771	0.61883	-0.00247782
6.10742e-07	0.622002	0.624861	-0.00229291
6.06091e-07	0.630513	0.633211	-0.00213424
6.01511e-07	0.651659	0.654916	-0.00249291
5.97e-07	0.661192	0.665464	-0.00321968
5.92556e-07	0.668721	0.672698	-0.00296512
5.88177e-07	0.675313	0.678959	-0.00269257
5.83863e-07	0.68146	0.685125	-0.00268206
5.79612e-07	0.687444	0.691068	-0.00262882
5.75422e-07	0.693152	0.696603	-0.00248288
5.71292e-07	0.698384	0.701741	-0.00239748
5.67221e-07	0.703169	0.706496	-0.00236053
5.63208e-07	0.707575	0.710862	-0.00231739
5.59251e-07	0.711521	0.714717	-0.00224107
5.55349e-07	0.714994	0.718118	-0.00217959
5.51501e-07	0.718214	0.721346	-0.00217589
5.47706e-07	0.721324	0.724322	-0.00207348
5.43964e-07	0.724153	0.726856	-0.00186278
5.40271e-07	0.726502	0.729119	-0.00179798
5.36629e-07	0.728439	0.731048	-0.00178769
5.33036e-07	0.73008	0.732383	-0.00157435
5.2949e-07	0.731297	0.733301	-0.00136827
5.25991e-07	0.731939	0.733929	-0.0013578
5.22538e-07	0.732149	0.734074	-0.00131239
5.1913e-07	0.732168	0.733865	-0.00115756
5.15767e-07	0.731961	0.733506	-0.0010542
5.12446e-07	0.731381	0.732879	-0.00102268
5.09168e-07	0.73055	0.732032	-0.00101286
5.05932e-07	0.729777	0.731169	-0.000952957
5.02737e-07	0.729216	0.730409	-0.000817443
4.99582e-07	0.729183	0.7303	-0.000765317
4.96466e-07	0.725047	0.725461	-0.00028532
4.93388e-07	0.717877	0.718436	-0.000389008
4.90349e-07	0.712828	0.71322	-0.000275518
4.87347e-07	0.70837	0.708818	-0.000316246
4.84381e-07	0.70416	0.704672	-0.000363175
4.81452e-07	0.700185	0.700588	-0.000288117
4.78557e-07	0.696435	0.696795	-0.000257893
4.75697e-07	0.692792	0.693159	-0.000264495
4.72871e-07	0.689218	0.689542	-0.000235293
4.70079e-07	0.685832	0.686174	-0.00024912
4.67319e-07	0.682701	0.683024	-0.000236253
4.64591e-07	0.679739	0.679947	-0.000152708
4.61896e-07	0.676902	0.677132	-0.00016951
4.59231e-07	0.674292	0.674593	-0.000223595
4.56597e-07	0.671977	0.672165	-0.000139738
4.53992e-07	0.669873	0.669977	-7.78423e-05
4.51418e-07	0.667911	0.668085	-0.000130577
4.48872e-07	0.666166	0.666322	-0.000117296
4.46355e-07	0.664715	0.664775	-4.53181e-05
4.43866e-07	0.66349	0.66353	-3.0058e-05
4.41405e-07	0.662413	0.662432	-1.45433e-05
4.38971e-07	0.661539	0.661513	1.95388e-05
4.36563e-07	0.660947	0.66089	4.33602e-05
4.34182e-07	0.660603	0.660464	0.000105237
4.31826e-07	0.660503	0.660281	0.000168217
4.29496e-07	0.66166	0.66132	0.000256461
4.27191e-07	0.663868	0.663272	0.000448638
4.24911e-07	0.668643	0.667986	0.00049139
4.22655e-07	0.669812	0.669179	0.00047253
4.20423e-07	0.670066	0.669514	0.000411749
4.18214e-07	0.66996	0.669412	0.000409055
4.16028e-07	0.669699	0.669042	0.000490655
4.13865e-07	0.669273	0.668477	0.000594595
4.11724e-07	0.668681	0.667889	0.000592264
4.09605e-07	0.668041	0.667361	0.000509545
4.07509e-07	0.667458	0.666738	0.000539909
4.05433e-07	0.666929	0.666072	0.000642833
4.03378e-07	0.666421	0.665576	0.000634901
4.01345e-07	0.665952	0.665142	0.000608422
3.99331e-07	0.665562	0.664676	0.000665985
3.97338e-07	0.665272	0.66438	0.000671039
3.95364e-07	0.665109	0.664273	0.000629166
3.9341e-07	0.66509	0.66419	0.000677197
3.91475e-07	0.665186	0.66422	0.000726644
3.8956e-07	0.665342	0.664438	0.00067996
3.87662e-07	0.665566	0.664709	0.000644415
3.85784e-07	0.665903	0.665023	0.000661494
3.83923e-07	0.666512	0.665653	0.000645185
3.8208e-07	0.667753	0.666981	0.000578263
3.80255e-07	0.669171	0.668666	0.000377202
3.78447e-07	0.669889	0.669513	0.000281145
3.76656e-07	0.670446	0.670149	0.000221374
3.74882e-07	0.670825	0.670612	0.000159158
3.73125e-07	0.670978	0.670892	6.35386e-05
3.71384e-07	0.670973	0.671006	-2.41473e-05
3.69659e-07	0.670913	0.671002	-6.60593e-05
3.67951e-07	0.670789	0.67089	-7.47954e-05
3.66258e-07	0.67055	0.670697	-0.000109626
3.6458e-07	0.670257	0.67053	-0.000204098
3.62918e-07	0.670065	0.670414	-0.000260523
3.61271e-07	0.670052	0.670358	-0.000228714
3.59639e-07	0.670189	0.670536	-0.000258303
3.58021e-07	0.670505	0.67101	-0.00037649
3.56418e-07	0.671187	0.671752	-0.000420106
3.54829e-07	0.672595	0.673176	-0.000431213
3.53254e-07	0.674891	0.675804	-0.000676331
3.51694e-07	0.677913	0.679256	-0.000989544
3.50147e-07	0.674874	0.676191	-0.000974403
3.48613e-07	0.673347	0.674719	-0.0010176
3.47093e-07	0.672388	0.673833	-0.00107342
3.45586e-07	0.671738	0.673122	-0.00102915
3.44092e-07	0.671213	0.672576	-0.00101488
3.42611e-07	0.6707	0.672133	-0.00106682
3.41143e-07	0.670173	0.671597	-0.00106166
3.39687e-07	0.669623	0.671019	-0.00104085
3.38244e-07	0.669004	0.670416	-0.00105442
3.36812e-07	0.668243	0.669621	-0.00103007
3.35393e-07	0.667319	0.668677	-0.00101702
3.33986e-07	0.666283	0.66769	-0.00105486
3.32591e-07	0.665183	0.666542	-0.0010209
3.31207e-07	0.664004	0.665263	-0.000947318
3.29834e-07	0.662741	0.664027	-0.000968803
3.28473e-07	0.661479	0.662787	-0.000988026
3.27123e-07	0.660334	0.661544	-0.000915272
3.25784e-07	0.659339	0.660479	-0.000863694
3.24457e-07	0.658467	0.659594	-0.000855056
3.23139e-07	0.657755	0.658833	-0.000818402
3.21833e-07	0.65731	0.658333	-0.000777501
3.20537e-07	0.657169	0.658125	-0.000726862
3.19251e-07	0.657264	0.65811	-0.000643007
3.17976e-07	0.657568	0.658357	-0.000599093
3.16711e-07	0.658193	0.658949	-0.000573547
3.15456e-07	0.659296	0.65997	-0.000510845
3.14211e-07	0.659935	0.660679	-0.00056337
3.12975e-07	0.659495	0.660366	-0.000659306
3.11749e-07	0.659219	0.660182	-0.000729561
3.10533e-07	0.658987	0.659957	-0.00073487
3.09326e-07	0.658691	0.659648	-0.000725611
3.08129e-07	0.658174	0.659157	-0.000746707
3.06941e-07	0.657412	0.658463	-0.000798725
3.05762e-07	0.656511	0.657607	-0.000834494
3.04592e-07	0.655504	0.656576	-0.000816917
3.03431e-07	0.65432	0.655399	-0.000824074
3.02278e-07	0.653232	0.65435	-0.00085501
3.01135e-07	0.652228	0.653398	-0.000896293
3e-07	0.65115	0.652261	-0.000852555
