1.2e-06	0.445016	0.453797	-0.00976854
1.18218e-06	0.47921	0.488777	-0.00988393
1.16488e-06	0.506033	0.516111	-0.00985961
1.14808e-06	0.522285	0.533169	-0.0103117
1.13175e-06	0.526548	0.53874	-0.0114451
1.11589e-06	0.519175	0.532728	-0.0128841
1.10046e-06	0.50133	0.516032	-0.014452
1.08545e-06	0.474904	0.49114	-0.0168063
1.07085e-06	0.445692	0.464641	-0.0208158
1.05664e-06	0.431365	0.454029	-0.0255973
1.04279e-06	0.466437	0.491674	-0.0263406
1.02931e-06	0.544756	0.56755	-0.0204925
1.01617e-06	0.565423	0.58239	-0.0147819
1.00336e-06	0.510907	0.523984	-0.0126363
9.90871e-07	0.431558	0.442834	-0.0128954
9.78689e-07	0.352331	0.362467	-0.0141815
9.66802e-07	0.279676	0.289031	-0.0164494
9.552e-07	0.215259	0.224398	-0.0207858
9.43874e-07	0.160832	0.170004	-0.0277225
9.32813e-07	0.118817	0.127608	-0.0356746
9.22008e-07	0.0915749	0.099346	-0.0407029
9.1145e-07	0.081475	0.0876649	-0.036596
9.01132e-07	0.0915322	0.0949994	-0.0185876
8.91045e-07	0.123295	0.121124	0.00888392
8.81181e-07	0.161172	0.148311	0.041554
8.71533e-07	0.144641	0.121492	0.0869825
8.62094e-07	0.0895672	0.0700361	0.122373
8.52857e-07	0.0918625	0.0806167	0.0652004
8.43816e-07	0.141036	0.135147	0.0213235
8.34965e-07	0.214625	0.213776	0.00198134
8.26298e-07	0.327326	0.330177	-0.00433615
8.17808e-07	0.51646	0.505828	0.0104003
8.09492e-07	0.512399	0.536839	-0.0232933
8.01342e-07	0.514508	0.544491	-0.028312
7.93355e-07	0.521396	0.551843	-0.0283694
7.85526e-07	0.532778	0.56157	-0.0263096
7.7785e-07	0.548128	0.574189	-0.023221
7.70323e-07	0.567147	0.588804	-0.0187346
7.62939e-07	0.588049	0.603754	-0.013178
7.55696e-07	0.607442	0.617404	-0.00813281
7.48589e-07	0.622475	0.628769	-0.00503025
7.41615e-07	0.632363	0.637084	-0.0037187
7.34769e-07	0.637657	0.641052	-0.00265499
7.28049e-07	0.63865	0.639523	-0.000683354
7.2145e-07	0.634779	0.631893	0.00227826
7.1497e-07	0.626142	0.619308	0.00548711
7.08605e-07	0.615181	0.605182	0.00819366
7.02353e-07	0.60622	0.594287	0.0099401
6.9621e-07	0.603299	0.589736	0.0113684
6.90173e-07	0.608468	0.593556	0.0124057
6.84241e-07	0.621998	0.607691	0.0116346
6.78409e-07	0.634727	0.6218	0.010288
6.72676e-07	0.632324	0.619143	0.0105325
6.67039e-07	0.617275	0.607947	0.00761349
6.61496e-07	0.610841	0.603733	0.00585257
6.56044e-07	0.608724	0.603716	0.00412993
6.50681e-07	0.608668	0.605155	0.0028944
6.45405e-07	0.609251	0.606465	0.00229122
6.40214e-07	0.610493	0.608402	0.00171503
6.35106e-07	0.612434	0.611419	0.000829492
6.30079e-07	0.614768	0.614686	6.64477e-05
6.25131e-07	0.617264	0.617533	-0.00021772
6.2026e-07	0.620135	0.6204	-0.000213605
6.15464e-07	0.62359	0.623835	-0.000196404
6.10742e-07	0.627531	0.627747	-0.000172088
6.06091e-07	0.631851	0.631879	-2.23831e-05
6.01511e-07	0.636651	0.636346	0.00023999
5.97e-07	0.642061	0.641526	0.000416398
5.92556e-07	0.648107	0.647572	0.000412571
5.88177e-07	0.654634	0.654298	0.000256826
5.83863e-07	0.661328	0.661322	4.03897e-06
5.79612e-07	0.67281	0.674716	-0.00141458
5.75422e-07	0.682801	0.684802	-0.00146332
5.71292e-07	0.68956	0.691135	-0.00114101
5.67221e-07	0.695034	0.696111	-0.00077425
5.63208e-07	0.699372	0.700172	-0.000572217
5.59251e-07	0.702854	0.703545	-0.000491121
5.55349e-07	0.705938	0.706416	-0.000338598
5.51501e-07	0.708878	0.70896	-5.74641e-05
5.47706e-07	0.711579	0.711281	0.000209897
5.43964e-07	0.71385	0.713363	0.000341287
5.40271e-07	0.715666	0.715106	0.000391104
5.36629e-07	0.71709	0.716409	0.00047503
5.33036e-07	0.718081	0.717224	0.000597302
5.2949e-07	0.718548	0.717572	0.000679795
5.25991e-07	0.718533	0.717523	0.000703479
5.22538e-07	0.718199	0.717165	0.000720755
5.1913e-07	0.717653	0.71658	0.000747938
5.15767e-07	0.716893	0.715829	0.000742518
5.12446e-07	0.715943	0.714946	0.000696405
5.09168e-07	0.714892	0.713941	0.000665613
5.05932e-07	0.713773	0.712807	0.000677604
5.02737e-07	0.712506	0.711532	0.000683903
4.99582e-07	0.711031	0.710108	0.000649706
4.96466e-07	0.709424	0.708537	0.000625635
4.93388e-07	0.707782	0.706837	0.000668075
4.90349e-07	0.70609	0.705047	0.000738788
4.87347e-07	0.704308	0.70323	0.000765577
4.84381e-07	0.702572	0.701484	0.000774475
4.81452e-07	0.701297	0.700077	0.000870491
4.78557e-07	0.701174	0.699728	0.00103161
4.75697e-07	0.694326	0.692975	0.000973671
4.72871e-07	0.689249	0.688	0.000907028
4.70079e-07	0.684904	0.683813	0.000796752
4.67319e-07	0.681122	0.680077	0.000767912
4.64591e-07	0.677775	0.676675	0.000812258
4.61896e-07	0.67467	0.67356	0.000823227
4.59231e-07	0.671741	0.67071	0.000768474
4.56597e-07	0.669086	0.668109	0.000730689
4.53992e-07	0.666764	0.665745	0.00076419
4.51418e-07	0.664681	0.663607	0.000808515
4.48872e-07	0.662734	0.661682	0.00079388
4.46355e-07	0.660956	0.659957	0.000756236
4.43866e-07	0.659432	0.658413	0.000773698
4.41405e-07	0.658125	0.657026	0.000836063
4.38971e-07	0.656908	0.655773	0.000864017
4.36563e-07	0.655738	0.654637	0.000840938
4.34182e-07	0.654694	0.6536	0.000836904
4.31826e-07	0.653813	0.652651	0.000889427
4.29496e-07	0.653011	0.651781	0.00094225
4.27191e-07	0.65221	0.650983	0.000941231
4.24911e-07	0.651453	0.650251	0.00092373
4.22655e-07	0.650823	0.649583	0.000953862
4.20423e-07	0.650305	0.648985	0.00101658
4.18214e-07	0.649843	0.648479	0.00105038
4.16028e-07	0.649516	0.648135	0.00106453
4.13865e-07	0.649746	0.648282	0.00112735
4.11724e-07	0.652168	0.650839	0.00101983
4.09605e-07	0.653638	0.651868	0.001356
4.07509e-07	0.655865	0.654448	0.00108091
4.05433e-07	0.656545	0.655215	0.00101413
4.03378e-07	0.657039	0.655677	0.00103767
4.01345e-07	0.657355	0.655889	0.0011169
3.99331e-07	0.657402	0.655896	0.00114652
3.97338e-07	0.657205	0.655763	0.00109881
3.95364e-07	0.656934	0.655553	0.00105182
3.9341e-07	0.65672	0.655325	0.00106327
3.91475e-07	0.65655	0.65512	0.00109004
3.8956e-07	0.656371	0.654969	0.00106939
3.87662e-07	0.656224	0.654888	0.0010193
3.85784e-07	0.656189	0.654879	0.000999148
3.83923e-07	0.656253	0.654932	0.00100734
3.8208e-07	0.656323	0.655026	0.000988914
3.80255e-07	0.656358	0.655132	0.000934431
3.78447e-07	0.6564	0.655221	0.000899255
3.76656e-07	0.656454	0.655261	0.000909526
3.74882e-07	0.656428	0.655229	0.000913662
3.73125e-07	0.656239	0.655107	0.000863144
3.71384e-07	0.655927	0.654892	0.000789324
3.69659e-07	0.655589	0.654606	0.000749969
3.67951e-07	0.656059	0.654963	0.000835359
3.66258e-07	0.656927	0.655938	0.0007533
3.6458e-07	0.657095	0.656511	0.000444739
3.62918e-07	0.656809	0.656421	0.000295002
3.61271e-07	0.65655	0.656225	0.000247527
3.59639e-07	0.65636	0.656059	0.000228868
3.58021e-07	0.656205	0.655992	0.000162407
3.56418e-07	0.656157	0.656068	6.81322e-05
3.54829e-07	0.656338	0.656315	1.73326e-05
3.53254e-07	0.656766	0.65675	1.23525e-05
3.51694e-07	0.657354	0.657375	-1.63136e-05
3.50147e-07	0.658055	0.658181	-9.56779e-05
3.48613e-07	0.658926	0.659148	-0.000168527
3.47093e-07	0.659998	0.660254	-0.000193354
3.45586e-07	0.661181	0.661473	-0.000220129
3.44092e-07	0.662381	0.662794	-0.000311444
3.42611e-07	0.663671	0.664244	-0.000431564
3.41143e-07	0.665358	0.665969	-0.000459178
3.39687e-07	0.667959	0.668735	-0.000580913
3.38244e-07	0.667677	0.668947	-0.000950523
3.36812e-07	0.667355	0.668825	-0.00110017
3.35393e-07	0.664939	0.666537	-0.00119998
3.33986e-07	0.663112	0.6647	-0.00119606
3.32591e-07	0.661446	0.662946	-0.00113253
3.31207e-07	0.659747	0.661209	-0.00110651
3.29834e-07	0.657981	0.659492	-0.00114701
3.28473e-07	0.656274	0.657822	-0.00117763
3.27123e-07	0.654743	0.656238	-0.00114002
3.25784e-07	0.653368	0.654783	-0.00108112
3.24457e-07	0.652098	0.653498	-0.00107221
3.23139e-07	0.650989	0.652415	-0.00109459
3.21833e-07	0.65016	0.651555	-0.00107187
3.20537e-07	0.649634	0.650924	-0.000991773
3.19251e-07	0.649317	0.650516	-0.00092248
3.17976e-07	0.64914	0.650313	-0.000902441
3.16711e-07	0.649136	0.650283	-0.000882589
3.15456e-07	0.649332	0.650384	-0.000809621
3.14211e-07	0.649641	0.650567	-0.000712179
3.12975e-07	0.649929	0.650779	-0.000652933
3.11749e-07	0.650152	0.65097	-0.000628708
3.10533e-07	0.65034	0.651095	-0.000580707
3.09326e-07	0.650476	0.65112	-0.000494718
3.08129e-07	0.650463	0.651018	-0.000426529
3.06941e-07	0.650248	0.650784	-0.00041192
3.05762e-07	0.6499	0.650431	-0.000408004
3.04592e-07	0.649577	0.650035	-0.000352497
3.03431e-07	0.649076	0.649572	-0.000382376
3.02278e-07	0.648256	0.648906	-0.00050135
3.01135e-07	0.64653	0.647523	-0.000767373
3e-07	0.644768	0.645843	-0.00083298
