1.2e-06	0.453961	0.459121	-0.00565166
1.18218e-06	0.486641	0.492119	-0.00559683
1.16488e-06	0.509872	0.515744	-0.00572567
1.14808e-06	0.5229	0.528466	-0.00529413
1.13175e-06	0.525292	0.530068	-0.00452547
1.11589e-06	0.516864	0.521185	-0.00416222
1.10046e-06	0.499162	0.503071	-0.00390045
1.08545e-06	0.475371	0.477909	-0.00266211
1.07085e-06	0.450498	0.450623	-0.000139011
1.05664e-06	0.437931	0.434812	0.00357345
1.04279e-06	0.468163	0.460606	0.00813597
1.02931e-06	0.53591	0.526096	0.00924161
1.01617e-06	0.540363	0.533973	0.00594831
1.00336e-06	0.480313	0.478541	0.00184808
9.90871e-07	0.408223	0.40959	-0.00167168
9.78689e-07	0.341718	0.344342	-0.00382477
9.66802e-07	0.282434	0.285354	-0.00514399
9.552e-07	0.229231	0.232623	-0.00734531
9.43874e-07	0.182374	0.186203	-0.0103871
9.32813e-07	0.143033	0.146544	-0.012126
9.22008e-07	0.111793	0.114448	-0.011738
9.1145e-07	0.0895023	0.0910021	-0.00830915
9.01132e-07	0.0786121	0.0774799	0.00725345
8.91045e-07	0.0822681	0.0746304	0.0486791
8.81181e-07	0.0977474	0.077327	0.116638
8.71533e-07	0.0926638	0.0675152	0.157003
8.62094e-07	0.0795451	0.0722544	0.0480283
8.52857e-07	0.100219	0.107491	-0.0350137
8.43816e-07	0.13768	0.156465	-0.0638623
8.34965e-07	0.17081	0.199224	-0.0767873
8.26298e-07	0.202371	0.223635	-0.0499156
8.17808e-07	0.288539	0.30085	-0.0208877
8.09492e-07	0.414315	0.431213	-0.0199854
8.01342e-07	0.487003	0.463677	0.0245367
7.93355e-07	0.498778	0.551293	-0.0500107
7.85526e-07	0.503621	0.551476	-0.0453556
7.7785e-07	0.516327	0.557507	-0.0383485
7.70323e-07	0.532817	0.568207	-0.0321427
7.62939e-07	0.55034	0.581064	-0.0271553
7.55696e-07	0.568336	0.59422	-0.0222648
7.48589e-07	0.584576	0.605894	-0.0179072
7.41615e-07	0.595367	0.613725	-0.0151829
7.34769e-07	0.598748	0.615038	-0.0134211
7.28049e-07	0.59511	0.607889	-0.0106226
7.2145e-07	0.585922	0.592643	-0.00570271
7.1497e-07	0.57428	0.573723	0.000485054
7.08605e-07	0.563633	0.556502	0.0063661
7.02353e-07	0.555861	0.543192	0.0115273
6.9621e-07	0.551753	0.535258	0.0151751
6.90173e-07	0.551761	0.534864	0.0155503
6.84241e-07	0.556692	0.542563	0.0128538
6.78409e-07	0.566245	0.556179	0.00896824
6.72676e-07	0.577845	0.571835	0.00522761
6.67039e-07	0.593453	0.589423	0.00340722
6.61496e-07	0.596538	0.596928	-0.000326201
6.56044e-07	0.594217	0.594499	-0.000237017
6.50681e-07	0.588694	0.588551	0.000122201
6.45405e-07	0.586855	0.586564	0.000248357
6.40214e-07	0.587127	0.586859	0.000228507
6.35106e-07	0.588874	0.588531	0.000291503
6.30079e-07	0.591061	0.590701	0.000304471
6.25131e-07	0.593527	0.593345	0.0001532
6.2026e-07	0.5967	0.596725	-2.09235e-05
6.15464e-07	0.600385	0.60053	-0.000120388
6.10742e-07	0.603996	0.604321	-0.000269555
6.06091e-07	0.607546	0.608021	-0.000391049
6.01511e-07	0.611757	0.612027	-0.000220602
5.97e-07	0.616898	0.616808	7.26406e-05
5.92556e-07	0.622453	0.62238	5.85242e-05
5.88177e-07	0.628099	0.628396	-0.000236918
5.83863e-07	0.634004	0.634516	-0.000403699
5.79612e-07	0.640042	0.640533	-0.00038356
5.75422e-07	0.645682	0.646316	-0.000490429
5.71292e-07	0.650826	0.651738	-0.0007005
5.67221e-07	0.65735	0.658477	-0.000856767
5.63208e-07	0.665805	0.666076	-0.00020369
5.59251e-07	0.6701	0.670444	-0.000256461
5.55349e-07	0.673175	0.673854	-0.000503934
5.51501e-07	0.67596	0.676765	-0.000595198
5.47706e-07	0.678688	0.679298	-0.000449749
5.43964e-07	0.680908	0.681416	-0.000372568
5.40271e-07	0.682449	0.68302	-0.000418436
5.36629e-07	0.683569	0.684043	-0.000346863
5.33036e-07	0.684269	0.684494	-0.000164408
5.2949e-07	0.684308	0.684455	-0.000107042
5.25991e-07	0.68384	0.684046	-0.00015017
5.22538e-07	0.683273	0.683389	-8.49531e-05
5.1913e-07	0.682613	0.682579	2.49276e-05
5.15767e-07	0.68164	0.68167	-2.21437e-05
5.12446e-07	0.680508	0.680676	-0.000123688
5.09168e-07	0.679506	0.679584	-5.78621e-05
5.05932e-07	0.678463	0.678366	7.12556e-05
5.02737e-07	0.677054	0.676993	4.53153e-05
4.99582e-07	0.675409	0.675443	-2.52936e-05
4.96466e-07	0.673803	0.673708	7.02633e-05
4.93388e-07	0.672071	0.671791	0.000208001
4.90349e-07	0.669938	0.669706	0.000172871
4.87347e-07	0.667594	0.667478	8.71983e-05
4.84381e-07	0.665352	0.66514	0.000159343
4.81452e-07	0.663091	0.662735	0.000268582
4.78557e-07	0.660614	0.660317	0.000224751
4.75697e-07	0.658165	0.657951	0.00016222
4.72871e-07	0.65607	0.655729	0.000259926
4.70079e-07	0.654312	0.65385	0.000352603
4.67319e-07	0.652469	0.651369	0.000843623
4.64591e-07	0.648337	0.647716	0.000478998
4.61896e-07	0.644289	0.643639	0.000504278
4.59231e-07	0.641046	0.640244	0.000625871
4.56597e-07	0.637986	0.637269	0.000562987
4.53992e-07	0.635193	0.634627	0.000445764
4.51418e-07	0.632888	0.63227	0.000488898
4.48872e-07	0.630882	0.630163	0.000570692
4.46355e-07	0.628902	0.628271	0.000501758
4.43866e-07	0.627079	0.626564	0.000410881
4.41405e-07	0.625613	0.625012	0.000480838
4.38971e-07	0.624324	0.623593	0.000586309
4.36563e-07	0.622979	0.622288	0.000554961
4.34182e-07	0.621711	0.621082	0.000506478
4.31826e-07	0.620694	0.619958	0.00059301
4.29496e-07	0.619751	0.618904	0.000683282
4.27191e-07	0.618683	0.617908	0.000626981
4.24911e-07	0.617643	0.616958	0.00055493
4.22655e-07	0.616803	0.616046	0.000613768
4.20423e-07	0.616002	0.615164	0.000680608
4.18214e-07	0.615082	0.614309	0.000628301
4.16028e-07	0.614212	0.613485	0.000592277
4.13865e-07	0.613556	0.612701	0.000697633
4.11724e-07	0.612962	0.611979	0.000802868
4.09605e-07	0.612309	0.611353	0.000781837
4.07509e-07	0.61183	0.610877	0.000779542
4.05433e-07	0.611884	0.610698	0.000969637
4.03378e-07	0.612491	0.611263	0.0010037
4.01345e-07	0.613281	0.612193	0.000887535
3.99331e-07	0.61867	0.617291	0.00111581
3.97338e-07	0.620332	0.619016	0.00106142
3.95364e-07	0.621096	0.619804	0.00104111
3.9341e-07	0.621366	0.620236	0.000909881
3.91475e-07	0.621509	0.620511	0.000803727
3.8956e-07	0.621824	0.620744	0.000869266
3.87662e-07	0.622238	0.621008	0.000989749
3.85784e-07	0.622563	0.621331	0.000990535
3.83923e-07	0.622849	0.621707	0.000916916
3.8208e-07	0.623218	0.622107	0.000892309
3.80255e-07	0.623606	0.622492	0.000893283
3.78447e-07	0.623904	0.622832	0.000860379
3.76656e-07	0.624151	0.623095	0.000846613
3.74882e-07	0.624359	0.623256	0.000884179
3.73125e-07	0.6244	0.623293	0.000887093
3.71384e-07	0.624227	0.623192	0.00083006
3.69659e-07	0.623982	0.62295	0.000827197
3.67951e-07	0.623707	0.622578	0.000906031
3.66258e-07	0.623246	0.622099	0.000921002
3.6458e-07	0.622566	0.62155	0.000817127
3.62918e-07	0.621909	0.620984	0.000744257
3.61271e-07	0.621519	0.620523	0.00080162
3.59639e-07	0.62175	0.62066	0.000877974
3.58021e-07	0.621992	0.621074	0.000738665
3.56418e-07	0.622651	0.62228	0.000298508
3.54829e-07	0.622913	0.622564	0.000279669
3.53254e-07	0.6232	0.62282	0.000305151
3.51694e-07	0.623461	0.623192	0.000215229
3.50147e-07	0.623864	0.623723	0.000112753
3.48613e-07	0.624563	0.624415	0.00011861
3.47093e-07	0.625417	0.625249	0.000134117
3.45586e-07	0.626245	0.626196	3.95712e-05
3.44092e-07	0.627112	0.62721	-7.7639e-05
3.42611e-07	0.628113	0.628238	-9.95303e-05
3.41143e-07	0.629104	0.629226	-9.67018e-05
3.39687e-07	0.629915	0.63013	-0.000170198
3.38244e-07	0.630615	0.630927	-0.000247482
3.36812e-07	0.631332	0.631629	-0.000235117
3.35393e-07	0.632019	0.632289	-0.000213872
3.33986e-07	0.632719	0.633078	-0.00028402
3.32591e-07	0.63378	0.634214	-0.000342553
3.31207e-07	0.634594	0.635129	-0.000421509
3.29834e-07	0.636428	0.637505	-0.000845836
3.28473e-07	0.632793	0.633575	-0.000617779
3.27123e-07	0.630143	0.631001	-0.000680177
3.25784e-07	0.628049	0.628909	-0.000683847
3.24457e-07	0.626365	0.627141	-0.000619613
3.23139e-07	0.624935	0.625664	-0.000583376
3.21833e-07	0.623758	0.624478	-0.000577049
3.20537e-07	0.622912	0.623585	-0.000539784
3.19251e-07	0.622363	0.622975	-0.000491977
3.17976e-07	0.622014	0.622622	-0.000488887
3.16711e-07	0.621862	0.622486	-0.000501366
3.15456e-07	0.621917	0.622512	-0.000478313
3.14211e-07	0.622076	0.622638	-0.000450971
3.12975e-07	0.622228	0.622796	-0.000455933
3.11749e-07	0.622369	0.622921	-0.000443627
3.10533e-07	0.622493	0.62296	-0.000374936
3.09326e-07	0.62248	0.622865	-0.000309351
3.08129e-07	0.622243	0.622606	-0.000291388
3.06941e-07	0.621838	0.622164	-0.000261421
3.05762e-07	0.621308	0.621536	-0.000183676
3.04592e-07	0.620569	0.620739	-0.000136461
3.03431e-07	0.619597	0.619802	-0.000165071
3.02278e-07	0.618547	0.618772	-0.000181732
3.01135e-07	0.61755	0.617709	-0.000128148
3e-07	0.616575	0.616685	-8.94252e-05
