1.2e-06	0.537062	0.543547	-0.00600099
1.18218e-06	0.565189	0.571666	-0.00569685
1.16488e-06	0.58294	0.58924	-0.00537458
1.14808e-06	0.58802	0.595242	-0.00610304
1.13175e-06	0.583019	0.589743	-0.00573389
1.11589e-06	0.567998	0.574981	-0.00610985
1.10046e-06	0.542634	0.550283	-0.00699857
1.08545e-06	0.510885	0.518002	-0.00691757
1.07085e-06	0.473221	0.480916	-0.00806515
1.05664e-06	0.435788	0.443464	-0.00873016
1.04279e-06	0.417673	0.424335	-0.00791256
1.02931e-06	0.450655	0.455918	-0.00580517
1.01617e-06	0.524884	0.527401	-0.00239192
1.00336e-06	0.52182	0.524226	-0.00230092
9.90871e-07	0.441524	0.445648	-0.00464758
9.78689e-07	0.350871	0.355905	-0.00712201
9.66802e-07	0.269999	0.276232	-0.01141
9.552e-07	0.20047	0.207624	-0.0175289
9.43874e-07	0.145787	0.153258	-0.0249825
9.32813e-07	0.105159	0.112668	-0.0344704
9.22008e-07	0.0803724	0.0876047	-0.0430555
9.1145e-07	0.075948	0.0819729	-0.0381519
9.01132e-07	0.0939808	0.0955863	-0.00846928
8.91045e-07	0.133637	0.124868	0.0339204
8.81181e-07	0.132578	0.111608	0.0858777
8.71533e-07	0.137022	0.129768	0.0271904
8.62094e-07	0.254912	0.259787	-0.00947166
8.52857e-07	0.546405	0.547149	-0.000680307
8.43816e-07	0.603195	0.613957	-0.0088417
8.34965e-07	0.608013	0.624573	-0.0134352
8.26298e-07	0.599516	0.623201	-0.0193708
8.17808e-07	0.591204	0.621229	-0.0247641
8.09492e-07	0.588343	0.622893	-0.0285246
8.01342e-07	0.576481	0.614828	-0.0321885
7.93355e-07	0.563858	0.606283	-0.036256
7.85526e-07	0.560501	0.602439	-0.0360622
7.7785e-07	0.559326	0.596412	-0.0320888
7.70323e-07	0.567309	0.598975	-0.0271518
7.62939e-07	0.585073	0.608371	-0.0195217
7.55696e-07	0.599065	0.614278	-0.0125382
7.48589e-07	0.608169	0.619122	-0.00892457
7.41615e-07	0.610305	0.618048	-0.00630354
7.34769e-07	0.604359	0.610679	-0.00520209
7.28049e-07	0.600591	0.604147	-0.00295123
7.2145e-07	0.603659	0.599205	0.00370289
7.1497e-07	0.61716	0.60312	0.0115059
7.08605e-07	0.644964	0.623796	0.0166836
7.02353e-07	0.661963	0.643249	0.0143377
6.9621e-07	0.64177	0.629004	0.0100464
6.90173e-07	0.636409	0.625777	0.00842356
6.84241e-07	0.632015	0.623997	0.00638358
6.78409e-07	0.628652	0.623682	0.00396851
6.72676e-07	0.627027	0.622787	0.0033921
6.67039e-07	0.624171	0.621223	0.00236664
6.61496e-07	0.621992	0.619742	0.00181147
6.56044e-07	0.620757	0.618341	0.00194972
6.50681e-07	0.61978	0.618634	0.000925807
6.45405e-07	0.620814	0.619433	0.00111327
6.40214e-07	0.622152	0.620134	0.00162461
6.35106e-07	0.62365	0.622401	0.00100233
6.30079e-07	0.626486	0.625179	0.00104448
6.25131e-07	0.628852	0.627869	0.000782194
6.2026e-07	0.631219	0.630502	0.000568508
6.15464e-07	0.63426	0.632822	0.00113457
6.10742e-07	0.637095	0.636023	0.000841506
6.06091e-07	0.64229	0.641482	0.000628865
6.01511e-07	0.657705	0.657765	-4.56253e-05
5.97e-07	0.664699	0.666069	-0.00102999
5.92556e-07	0.670295	0.671815	-0.00113234
5.88177e-07	0.675357	0.677031	-0.00123758
5.83863e-07	0.680627	0.682554	-0.00141395
5.79612e-07	0.68574	0.687244	-0.00109568
5.75422e-07	0.690182	0.691772	-0.00115045
5.71292e-07	0.694812	0.696447	-0.0011755
5.67221e-07	0.699213	0.70055	-0.000954998
5.63208e-07	0.702921	0.704441	-0.0010801
5.59251e-07	0.706667	0.708144	-0.0010441
5.55349e-07	0.710036	0.71141	-0.000966724
5.51501e-07	0.712962	0.714492	-0.00107173
5.47706e-07	0.715978	0.717415	-0.00100217
5.43964e-07	0.718613	0.72003	-0.000985186
5.40271e-07	0.720912	0.722328	-0.000980884
5.36629e-07	0.723028	0.724316	-0.000889833
5.33036e-07	0.724593	0.725843	-0.000861575
5.2949e-07	0.725801	0.726936	-0.000781075
5.25991e-07	0.726625	0.727684	-0.000728244
5.22538e-07	0.726953	0.727954	-0.000688101
5.1913e-07	0.727009	0.727898	-0.000611604
5.15767e-07	0.726673	0.727556	-0.000607482
5.12446e-07	0.726059	0.726849	-0.000544189
5.09168e-07	0.725288	0.726008	-0.000495975
5.05932e-07	0.724229	0.724939	-0.000490127
5.02737e-07	0.723266	0.723833	-0.000391592
4.99582e-07	0.722644	0.723093	-0.000310075
4.96466e-07	0.719519	0.719306	0.000148121
4.93388e-07	0.714192	0.714132	4.17799e-05
4.90349e-07	0.710147	0.710185	-2.70354e-05
4.87347e-07	0.706418	0.706446	-1.98007e-05
4.84381e-07	0.702831	0.702829	9.62573e-07
4.81452e-07	0.699317	0.699369	-3.71171e-05
4.78557e-07	0.695909	0.695907	1.47638e-06
4.75697e-07	0.692595	0.692593	1.06941e-06
4.72871e-07	0.689358	0.689374	-1.22072e-05
4.70079e-07	0.686282	0.686242	2.9371e-05
4.67319e-07	0.683333	0.683314	1.36696e-05
4.64591e-07	0.680539	0.680503	2.65127e-05
4.61896e-07	0.677961	0.677886	5.48731e-05
4.59231e-07	0.675541	0.675487	4.02828e-05
4.56597e-07	0.673337	0.673241	7.13106e-05
4.53992e-07	0.671352	0.67124	8.38404e-05
4.51418e-07	0.669544	0.669432	8.39855e-05
4.48872e-07	0.667978	0.667816	0.000121792
4.46355e-07	0.666614	0.666445	0.000126936
4.43866e-07	0.665444	0.665246	0.000148168
4.41405e-07	0.664516	0.664266	0.000187489
4.38971e-07	0.663761	0.663495	0.000200634
4.36563e-07	0.663217	0.662889	0.000247188
4.34182e-07	0.662932	0.662538	0.000297296
4.31826e-07	0.662883	0.662419	0.000350149
4.29496e-07	0.664269	0.663611	0.000495076
4.27191e-07	0.666232	0.665457	0.000582524
4.24911e-07	0.670161	0.669473	0.000513574
4.22655e-07	0.670955	0.670263	0.000515563
4.20423e-07	0.671046	0.670347	0.000520802
4.18214e-07	0.670865	0.670145	0.000536886
4.16028e-07	0.670527	0.669783	0.000554824
4.13865e-07	0.670143	0.669407	0.000549418
4.11724e-07	0.669792	0.669029	0.00056967
4.09605e-07	0.669356	0.668572	0.000585955
4.07509e-07	0.66891	0.668147	0.000570572
4.05433e-07	0.668543	0.667754	0.000590578
4.03378e-07	0.668126	0.667322	0.000602088
4.01345e-07	0.667752	0.66697	0.000585699
3.99331e-07	0.667501	0.66669	0.000607569
3.97338e-07	0.66727	0.666455	0.00061118
3.95364e-07	0.667156	0.666353	0.000601609
3.9341e-07	0.667182	0.666351	0.000622943
3.91475e-07	0.667273	0.66645	0.000617022
3.8956e-07	0.667501	0.666675	0.000618876
3.87662e-07	0.667839	0.666996	0.000631282
3.85784e-07	0.668253	0.66744	0.000608896
3.83923e-07	0.669577	0.668593	0.000735523
3.8208e-07	0.670974	0.670105	0.000648586
3.80255e-07	0.672713	0.672093	0.000461103
3.78447e-07	0.673574	0.673012	0.000417251
3.76656e-07	0.674229	0.673765	0.00034414
3.74882e-07	0.674748	0.674311	0.000324022
3.73125e-07	0.67501	0.674607	0.000298748
3.71384e-07	0.67512	0.674833	0.000212763
3.69659e-07	0.67518	0.6749	0.000207966
3.67951e-07	0.675038	0.674823	0.000159738
3.66258e-07	0.674839	0.674735	7.73813e-05
3.6458e-07	0.674697	0.674582	8.51826e-05
3.62918e-07	0.674514	0.674509	3.87622e-06
3.61271e-07	0.674479	0.674551	-5.34711e-05
3.59639e-07	0.674651	0.674716	-4.86796e-05
3.58021e-07	0.675027	0.675244	-0.000160715
3.56418e-07	0.67585	0.67609	-0.000177337
3.54829e-07	0.677428	0.677719	-0.000214921
3.53254e-07	0.678915	0.679583	-0.000491783
3.51694e-07	0.681714	0.682643	-0.000680456
3.50147e-07	0.679231	0.680114	-0.000649235
3.48613e-07	0.67805	0.678992	-0.000693796
3.47093e-07	0.677471	0.678262	-0.000583439
3.45586e-07	0.676988	0.677836	-0.000626217
3.44092e-07	0.67665	0.677512	-0.000636752
3.42611e-07	0.676415	0.677136	-0.000532467
3.41143e-07	0.676021	0.676849	-0.000612275
3.39687e-07	0.675641	0.676407	-0.000567232
3.38244e-07	0.675158	0.675825	-0.000493677
3.36812e-07	0.674433	0.675217	-0.000581351
3.35393e-07	0.673693	0.674346	-0.000484996
3.33986e-07	0.67277	0.67339	-0.000460429
3.32591e-07	0.671672	0.672377	-0.000524068
3.31207e-07	0.670632	0.671171	-0.00040119
3.29834e-07	0.669468	0.670043	-0.000429443
3.28473e-07	0.668326	0.668923	-0.000446363
3.27123e-07	0.667381	0.667822	-0.000330305
3.25784e-07	0.666452	0.666976	-0.000392979
3.24457e-07	0.665765	0.666237	-0.000354415
3.23139e-07	0.665374	0.66574	-0.000274568
3.21833e-07	0.665117	0.665576	-0.000344753
3.20537e-07	0.66524	0.6656	-0.000270295
3.19251e-07	0.66568	0.666016	-0.000252214
3.17976e-07	0.666335	0.666768	-0.000324634
3.16711e-07	0.667331	0.667869	-0.000402322
3.15456e-07	0.668577	0.66923	-0.000488698
3.14211e-07	0.669261	0.670128	-0.000647843
3.12975e-07	0.668629	0.669455	-0.00061745
3.11749e-07	0.668203	0.669137	-0.000698327
3.10533e-07	0.667803	0.668734	-0.000696935
3.09326e-07	0.667323	0.668257	-0.000700021
3.08129e-07	0.666606	0.667631	-0.000768347
3.06941e-07	0.665784	0.666778	-0.000745751
3.05762e-07	0.664776	0.665825	-0.000788417
3.04592e-07	0.663552	0.664654	-0.000830263
3.03431e-07	0.662312	0.663407	-0.000825585
3.02278e-07	0.661119	0.662282	-0.000879055
3.01135e-07	0.65998	0.661181	-0.000909352
3e-07	0.658805	0.660046	-0.000940822
