1.2e-06	0.513273	0.517646	-0.00424253
1.18218e-06	0.54364	0.548154	-0.00413423
1.16488e-06	0.566233	0.570893	-0.00409781
1.14808e-06	0.578115	0.583826	-0.00491468
1.13175e-06	0.580205	0.585878	-0.00486505
1.11589e-06	0.57198	0.578022	-0.00525413
1.10046e-06	0.552056	0.560051	-0.00718856
1.08545e-06	0.522648	0.531403	-0.00830578
1.07085e-06	0.484407	0.495364	-0.0111829
1.05664e-06	0.44684	0.463488	-0.0182877
1.04279e-06	0.452949	0.474901	-0.0236582
1.02931e-06	0.530176	0.551645	-0.0198453
1.01617e-06	0.551562	0.566715	-0.0135507
1.00336e-06	0.502471	0.511774	-0.00917226
9.90871e-07	0.43493	0.44159	-0.00759851
9.78689e-07	0.367162	0.373247	-0.00821965
9.66802e-07	0.303378	0.308568	-0.00848106
9.552e-07	0.242557	0.247452	-0.0099888
9.43874e-07	0.187518	0.192181	-0.0122805
9.32813e-07	0.140026	0.144472	-0.0156302
9.22008e-07	0.101039	0.105399	-0.0211169
9.1145e-07	0.0757372	0.0788394	-0.0200691
9.01132e-07	0.068755	0.0703249	-0.0112876
8.91045e-07	0.0845518	0.0821127	0.0146346
8.81181e-07	0.0982398	0.0878381	0.0558994
8.71533e-07	0.0596703	0.0494623	0.0935371
8.62094e-07	0.0410134	0.035771	0.0682746
8.52857e-07	0.0595527	0.0585214	0.00873434
8.43816e-07	0.0964264	0.0983727	-0.0099911
8.34965e-07	0.160727	0.161611	-0.00274021
8.26298e-07	0.272927	0.281036	-0.0146388
8.17808e-07	0.445981	0.395743	0.0596843
8.09492e-07	0.445599	0.467837	-0.0243451
8.01342e-07	0.458779	0.472725	-0.0149715
7.93355e-07	0.471321	0.486494	-0.0158406
7.85526e-07	0.490842	0.503924	-0.0131503
7.7785e-07	0.515048	0.521283	-0.0060162
7.70323e-07	0.536664	0.540951	-0.00397832
7.62939e-07	0.559677	0.561263	-0.0014155
7.55696e-07	0.580947	0.578509	0.00210324
7.48589e-07	0.595941	0.592169	0.00317427
7.41615e-07	0.608632	0.602803	0.00481164
7.34769e-07	0.615584	0.60791	0.00627189
7.28049e-07	0.613116	0.605407	0.00632632
7.2145e-07	0.604634	0.595585	0.00753945
7.1497e-07	0.589866	0.580087	0.00835883
7.08605e-07	0.57102	0.561479	0.00842538
7.02353e-07	0.554785	0.544297	0.00954224
6.9621e-07	0.545132	0.534366	0.00997348
6.90173e-07	0.546351	0.535543	0.00999057
6.84241e-07	0.559361	0.548852	0.00948254
6.78409e-07	0.572593	0.565409	0.0063123
6.72676e-07	0.578616	0.575054	0.00308714
6.67039e-07	0.566035	0.565592	0.00039151
6.61496e-07	0.562962	0.563821	-0.000762646
6.56044e-07	0.563742	0.565944	-0.00194919
6.50681e-07	0.565919	0.56895	-0.00267021
6.45405e-07	0.568528	0.571817	-0.00288428
6.40214e-07	0.572031	0.575337	-0.00288107
6.35106e-07	0.576041	0.579462	-0.00295999
6.30079e-07	0.580125	0.583258	-0.00269275
6.25131e-07	0.584347	0.586692	-0.00200204
6.2026e-07	0.588761	0.590505	-0.00147891
6.15464e-07	0.593465	0.594785	-0.00111097
6.10742e-07	0.598323	0.599547	-0.00102173
6.06091e-07	0.603579	0.605026	-0.00119664
6.01511e-07	0.609566	0.611034	-0.00120327
5.97e-07	0.615983	0.617401	-0.00114966
5.92556e-07	0.622961	0.624218	-0.00100719
5.88177e-07	0.630454	0.631333	-0.000696699
5.83863e-07	0.637956	0.638333	-0.000295565
5.79612e-07	0.648181	0.648443	-0.000201787
5.75422e-07	0.660325	0.659942	0.000289859
5.71292e-07	0.666754	0.666918	-0.000123442
5.67221e-07	0.672338	0.672464	-9.42555e-05
5.63208e-07	0.677405	0.677256	0.000110195
5.59251e-07	0.681441	0.681525	-6.14233e-05
5.55349e-07	0.685007	0.685056	-3.55682e-05
5.51501e-07	0.688299	0.688109	0.000138057
5.47706e-07	0.69118	0.691044	9.82689e-05
5.43964e-07	0.693686	0.693485	0.000145409
5.40271e-07	0.695699	0.695307	0.000281898
5.36629e-07	0.697302	0.696815	0.000348799
5.33036e-07	0.698292	0.697756	0.000384132
5.2949e-07	0.698623	0.697953	0.00047969
5.25991e-07	0.698714	0.697852	0.000617479
5.22538e-07	0.69833	0.69753	0.000572542
5.1913e-07	0.697563	0.696763	0.000574157
5.15767e-07	0.696853	0.69583	0.0007348
5.12446e-07	0.695795	0.694938	0.000615888
5.09168e-07	0.694555	0.693797	0.000545364
5.05932e-07	0.693412	0.692416	0.000718568
5.02737e-07	0.691864	0.691052	0.000587012
4.99582e-07	0.69022	0.689528	0.000501729
4.96466e-07	0.688597	0.687682	0.00066521
4.93388e-07	0.686552	0.685775	0.000566004
4.90349e-07	0.684572	0.683863	0.000518181
4.87347e-07	0.682613	0.681753	0.000629931
4.84381e-07	0.680406	0.679625	0.000574022
4.81452e-07	0.678728	0.677857	0.000641866
4.78557e-07	0.677556	0.676848	0.000522293
4.75697e-07	0.67307	0.67187	0.000892196
4.72871e-07	0.66708	0.666314	0.000574467
4.70079e-07	0.66258	0.661851	0.000550378
4.67319e-07	0.65851	0.657831	0.000515641
4.64591e-07	0.65494	0.654234	0.000538638
4.61896e-07	0.651589	0.650987	0.000462165
4.59231e-07	0.648507	0.647923	0.000450421
4.56597e-07	0.645804	0.645113	0.00053487
4.53992e-07	0.643215	0.642647	0.000441387
4.51418e-07	0.640933	0.640376	0.000434756
4.48872e-07	0.638934	0.638259	0.000528573
4.46355e-07	0.637014	0.636438	0.000452734
4.43866e-07	0.63541	0.634837	0.00045154
4.41405e-07	0.633965	0.63331	0.000516246
4.38971e-07	0.632571	0.631962	0.00048103
4.36563e-07	0.631444	0.630821	0.000493794
4.34182e-07	0.630351	0.629712	0.000507031
4.31826e-07	0.629313	0.628662	0.000517528
4.29496e-07	0.628489	0.627793	0.000554054
4.27191e-07	0.627627	0.62698	0.000515432
4.24911e-07	0.626858	0.626154	0.00056184
4.22655e-07	0.626256	0.625469	0.000629003
4.20423e-07	0.625605	0.624906	0.000559497
4.18214e-07	0.625122	0.624344	0.000622364
4.16028e-07	0.624867	0.623952	0.000732404
4.13865e-07	0.625009	0.624178	0.000665414
4.11724e-07	0.625974	0.625024	0.000759955
4.09605e-07	0.627476	0.625969	0.00120229
4.07509e-07	0.632999	0.632023	0.000771375
4.05433e-07	0.634207	0.633387	0.000647002
4.03378e-07	0.634742	0.633735	0.000794075
4.01345e-07	0.635019	0.634003	0.000801202
3.99331e-07	0.635044	0.634096	0.000747236
3.97338e-07	0.634916	0.634069	0.000667999
3.95364e-07	0.635081	0.634139	0.000741634
3.9341e-07	0.635243	0.634247	0.000784773
3.91475e-07	0.63521	0.634406	0.000633284
3.8956e-07	0.635523	0.634612	0.000717626
3.87662e-07	0.635904	0.634895	0.000793981
3.85784e-07	0.636065	0.635266	0.000628621
3.83923e-07	0.636488	0.635589	0.000707275
3.8208e-07	0.636927	0.635924	0.00078807
3.80255e-07	0.637126	0.63632	0.00063353
3.78447e-07	0.637444	0.636565	0.000689909
3.76656e-07	0.63767	0.636699	0.000762181
3.74882e-07	0.637653	0.636845	0.00063445
3.73125e-07	0.637628	0.636799	0.000650673
3.71384e-07	0.637455	0.636561	0.000701702
3.69659e-07	0.637104	0.636347	0.000594509
3.67951e-07	0.637255	0.636467	0.000618727
3.66258e-07	0.637203	0.636479	0.000568544
3.6458e-07	0.637801	0.63738	0.000329925
3.62918e-07	0.637627	0.637418	0.000164037
3.61271e-07	0.637345	0.637139	0.000161595
3.59639e-07	0.637117	0.636964	0.000120422
3.58021e-07	0.636892	0.636893	-7.56633e-07
3.56418e-07	0.636844	0.636889	-3.56429e-05
3.54829e-07	0.637035	0.637054	-1.49238e-05
3.53254e-07	0.637301	0.637475	-0.00013632
3.51694e-07	0.637853	0.638081	-0.000179075
3.50147e-07	0.638656	0.638834	-0.000139752
3.48613e-07	0.639511	0.639846	-0.000261588
3.47093e-07	0.640665	0.641048	-0.000299428
3.45586e-07	0.641962	0.642315	-0.00027555
3.44092e-07	0.643261	0.643761	-0.00038901
3.42611e-07	0.644873	0.645415	-0.000419851
3.41143e-07	0.646719	0.647256	-0.000415306
3.39687e-07	0.649001	0.649767	-0.000589721
3.38244e-07	0.651229	0.652132	-0.000692786
3.36812e-07	0.653427	0.654467	-0.000795232
3.35393e-07	0.649634	0.650983	-0.00103789
3.33986e-07	0.647508	0.64871	-0.000927848
3.32591e-07	0.64552	0.646747	-0.000950149
3.31207e-07	0.643496	0.644841	-0.00104391
3.29834e-07	0.641804	0.642985	-0.000919092
3.28473e-07	0.639993	0.641249	-0.000980347
3.27123e-07	0.63826	0.639595	-0.00104517
3.25784e-07	0.636888	0.63804	-0.000904048
3.24457e-07	0.635463	0.636709	-0.000979284
3.23139e-07	0.634305	0.635598	-0.00101888
3.21833e-07	0.633538	0.634652	-0.00087901
3.20537e-07	0.632764	0.633967	-0.000949134
3.19251e-07	0.632345	0.63356	-0.000960022
3.17976e-07	0.632222	0.633291	-0.000844388
3.16711e-07	0.632047	0.633181	-0.000896855
3.15456e-07	0.632186	0.63329	-0.000872759
3.14211e-07	0.632427	0.633438	-0.00079858
3.12975e-07	0.632509	0.633553	-0.000824744
3.11749e-07	0.63278	0.633739	-0.000757518
3.10533e-07	0.632923	0.633851	-0.000732939
3.09326e-07	0.632817	0.633748	-0.000734478
3.08129e-07	0.632785	0.633575	-0.000623825
3.06941e-07	0.632484	0.633304	-0.000647793
3.05762e-07	0.631965	0.632766	-0.000632813
3.04592e-07	0.631529	0.632139	-0.00048301
3.03431e-07	0.630731	0.631482	-0.000595272
3.02278e-07	0.630158	0.630885	-0.000576576
3.01135e-07	0.629391	0.63002	-0.000499793
3e-07	0.627378	0.628243	-0.000688697
