1.2e-06	0.426979	0.433936	-0.00808105
1.18218e-06	0.47359	0.481277	-0.00805033
1.16488e-06	0.509123	0.516793	-0.0074763
1.14808e-06	0.530539	0.538362	-0.00731874
1.13175e-06	0.537852	0.54506	-0.00665593
1.11589e-06	0.532544	0.539397	-0.00639329
1.10046e-06	0.516761	0.523254	-0.006243
1.08545e-06	0.493138	0.499428	-0.00633751
1.07085e-06	0.464784	0.470726	-0.00635195
1.05664e-06	0.435364	0.440086	-0.0053941
1.04279e-06	0.409794	0.41289	-0.0037637
1.02931e-06	0.396223	0.396345	-0.000153747
1.01617e-06	0.408158	0.404608	0.00436773
1.00336e-06	0.45269	0.443933	0.00976617
9.90871e-07	0.477285	0.467185	0.0106941
9.78689e-07	0.413494	0.407076	0.00782157
9.66802e-07	0.315448	0.314312	0.00180428
9.552e-07	0.23542	0.23692	-0.00317627
9.43874e-07	0.179187	0.182736	-0.00980643
9.32813e-07	0.142312	0.145948	-0.012613
9.22008e-07	0.121756	0.124467	-0.0110118
9.1145e-07	0.116668	0.115346	0.00569822
9.01132e-07	0.126913	0.116326	0.0435284
8.91045e-07	0.134555	0.108591	0.106785
8.81181e-07	0.115993	0.102822	0.0601947
8.71533e-07	0.14011	0.142124	-0.00713856
8.62094e-07	0.192576	0.200761	-0.0208098
8.52857e-07	0.265469	0.275806	-0.0190985
8.43816e-07	0.371097	0.384817	-0.0181496
8.34965e-07	0.646445	0.634693	0.00917282
8.26298e-07	0.685344	0.696004	-0.00771769
8.17808e-07	0.683339	0.69926	-0.011515
8.09492e-07	0.674131	0.693101	-0.0138747
8.01342e-07	0.65914	0.68867	-0.0219102
7.93355e-07	0.63929	0.67511	-0.0272521
7.85526e-07	0.61656	0.663415	-0.0366061
7.7785e-07	0.594374	0.648446	-0.0435078
7.70323e-07	0.578378	0.637518	-0.0486396
7.62939e-07	0.573074	0.630279	-0.0475383
7.55696e-07	0.57759	0.628394	-0.0421262
7.48589e-07	0.58635	0.628547	-0.0347328
7.41615e-07	0.592241	0.626219	-0.0278862
7.34769e-07	0.591502	0.619685	-0.0232684
7.28049e-07	0.586685	0.607319	-0.0172814
7.2145e-07	0.584468	0.597562	-0.0110771
7.1497e-07	0.590786	0.593595	-0.00237159
7.08605e-07	0.607713	0.601926	0.00478412
7.02353e-07	0.632931	0.620129	0.010217
6.9621e-07	0.665157	0.648374	0.012777
6.90173e-07	0.702507	0.687291	0.0109484
6.84241e-07	0.681308	0.67199	0.00688504
6.78409e-07	0.671296	0.6624	0.00667008
6.72676e-07	0.665363	0.65841	0.00525268
6.67039e-07	0.660302	0.654309	0.00455912
6.61496e-07	0.655314	0.650305	0.00383625
6.56044e-07	0.651078	0.646474	0.00354854
6.50681e-07	0.648395	0.643847	0.0035197
6.45405e-07	0.646919	0.642171	0.00368331
6.40214e-07	0.645629	0.640326	0.0041238
6.35106e-07	0.644447	0.639651	0.00373461
6.30079e-07	0.643957	0.639809	0.00323056
6.25131e-07	0.644272	0.64127	0.00233528
6.2026e-07	0.645172	0.642257	0.00226412
6.15464e-07	0.646565	0.643907	0.00206037
6.10742e-07	0.648397	0.645549	0.00220105
6.06091e-07	0.65064	0.648244	0.00184402
6.01511e-07	0.653485	0.651083	0.00184096
5.97e-07	0.657053	0.654927	0.00162051
5.92556e-07	0.661316	0.658942	0.00179818
5.88177e-07	0.672236	0.670744	0.00111107
5.83863e-07	0.677897	0.677082	0.000601891
5.79612e-07	0.682724	0.682592	9.67774e-05
5.75422e-07	0.6871	0.687113	-9.70079e-06
5.71292e-07	0.691188	0.691449	-0.000189445
5.67221e-07	0.695036	0.695463	-0.000307004
5.63208e-07	0.698591	0.698924	-0.000238054
5.59251e-07	0.701802	0.702379	-0.000411374
5.55349e-07	0.704706	0.705186	-0.000340306
5.51501e-07	0.707392	0.708084	-0.000489441
5.47706e-07	0.709899	0.710512	-0.000431428
5.43964e-07	0.712187	0.712885	-0.000489852
5.40271e-07	0.71418	0.714841	-0.000462304
5.36629e-07	0.715824	0.716469	-0.000450423
5.33036e-07	0.717098	0.717681	-0.000406112
5.2949e-07	0.717991	0.718448	-0.000318108
5.25991e-07	0.718483	0.718861	-0.000263178
5.22538e-07	0.718574	0.718873	-0.000207689
5.1913e-07	0.718309	0.718612	-0.000210979
5.15767e-07	0.717767	0.718042	-0.00019213
5.12446e-07	0.717014	0.717249	-0.000163794
5.09168e-07	0.716069	0.716218	-0.000103975
5.05932e-07	0.714905	0.714979	-5.18112e-05
5.02737e-07	0.713503	0.713546	-2.96257e-05
4.99582e-07	0.711894	0.711928	-2.38513e-05
4.96466e-07	0.710153	0.710167	-1.01504e-05
4.93388e-07	0.708365	0.70831	3.86576e-05
4.90349e-07	0.706666	0.706466	0.000141264
4.87347e-07	0.705381	0.705131	0.000176908
4.84381e-07	0.70062	0.700279	0.000243262
4.81452e-07	0.696612	0.696236	0.000269941
4.78557e-07	0.69295	0.692594	0.000256972
4.75697e-07	0.689495	0.689139	0.000258134
4.72871e-07	0.686208	0.685833	0.00027315
4.70079e-07	0.683066	0.682673	0.000287483
4.67319e-07	0.680066	0.679667	0.000293523
4.64591e-07	0.677222	0.676817	0.000298692
4.61896e-07	0.674554	0.674156	0.000295221
4.59231e-07	0.672079	0.671655	0.000315031
4.56597e-07	0.669799	0.669376	0.00031605
4.53992e-07	0.667711	0.667252	0.000343626
4.51418e-07	0.665809	0.665363	0.000334777
4.48872e-07	0.664089	0.663612	0.000359117
4.46355e-07	0.662547	0.662086	0.000348027
4.43866e-07	0.661173	0.660678	0.000374889
4.41405e-07	0.659956	0.659466	0.00037124
4.38971e-07	0.658883	0.658359	0.000397847
4.36563e-07	0.657941	0.657409	0.000404274
4.34182e-07	0.657115	0.656556	0.00042519
4.31826e-07	0.65639	0.655813	0.000439884
4.29496e-07	0.655759	0.655168	0.000450785
4.27191e-07	0.65522	0.654592	0.000479578
4.24911e-07	0.654789	0.654139	0.000496165
4.22655e-07	0.654503	0.653778	0.000554307
4.20423e-07	0.654501	0.653712	0.000602523
4.18214e-07	0.656644	0.65558	0.000811266
4.16028e-07	0.660153	0.659165	0.000748435
4.13865e-07	0.660899	0.660024	0.000661869
4.11724e-07	0.661044	0.660194	0.000643237
4.09605e-07	0.660901	0.659962	0.000711384
4.07509e-07	0.660605	0.659788	0.000619255
4.05433e-07	0.66024	0.659306	0.000707355
4.03378e-07	0.659866	0.658963	0.000685009
4.01345e-07	0.659524	0.658567	0.000726223
3.99331e-07	0.659231	0.658205	0.000778807
3.97338e-07	0.65899	0.658005	0.00074752
3.95364e-07	0.658814	0.657775	0.000788975
3.9341e-07	0.658735	0.657793	0.00071494
3.91475e-07	0.658787	0.657794	0.000754134
3.8956e-07	0.658984	0.658011	0.000738933
3.87662e-07	0.659298	0.65824	0.000803015
3.85784e-07	0.659672	0.658596	0.000816179
3.83923e-07	0.660054	0.65896	0.000829384
3.8208e-07	0.660423	0.659369	0.000798699
3.80255e-07	0.660784	0.659739	0.00079142
3.78447e-07	0.661145	0.660118	0.000776728
3.76656e-07	0.661509	0.660419	0.000824915
3.74882e-07	0.662144	0.661059	0.00081992
3.73125e-07	0.664838	0.663877	0.000723107
3.71384e-07	0.665673	0.664992	0.000511707
3.69659e-07	0.665967	0.665368	0.000449495
3.67951e-07	0.666018	0.665585	0.000325251
3.66258e-07	0.665915	0.66549	0.000319121
3.6458e-07	0.665699	0.665289	0.000307777
3.62918e-07	0.665415	0.665099	0.000237135
3.61271e-07	0.665133	0.664813	0.000241255
3.59639e-07	0.664936	0.664735	0.00015092
3.58021e-07	0.664883	0.66465	0.000174966
3.56418e-07	0.665005	0.664877	9.6263e-05
3.54829e-07	0.665315	0.665192	9.22484e-05
3.53254e-07	0.665838	0.665872	-2.53633e-05
3.51694e-07	0.666612	0.666692	-6.00002e-05
3.50147e-07	0.667674	0.667895	-0.00016591
3.48613e-07	0.669043	0.669296	-0.000189361
3.47093e-07	0.670765	0.671142	-0.00028123
3.45586e-07	0.673194	0.673781	-0.0004363
3.44092e-07	0.675298	0.676352	-0.000779892
3.42611e-07	0.673717	0.6745	-0.000581406
3.41143e-07	0.672874	0.673708	-0.000618841
3.39687e-07	0.67219	0.672982	-0.000588711
3.38244e-07	0.671483	0.672231	-0.000556376
3.36812e-07	0.670662	0.671466	-0.000599132
3.35393e-07	0.669711	0.670459	-0.000558003
3.33986e-07	0.668659	0.6695	-0.000629172
3.32591e-07	0.667535	0.668226	-0.000517871
3.31207e-07	0.66635	0.6671	-0.00056256
3.29834e-07	0.665108	0.665706	-0.000448768
3.28473e-07	0.663845	0.664563	-0.000540803
3.27123e-07	0.662645	0.663286	-0.000483669
3.25784e-07	0.661612	0.662332	-0.000543713
3.24457e-07	0.660817	0.661415	-0.000452283
3.23139e-07	0.660269	0.660834	-0.000427896
3.21833e-07	0.659939	0.660446	-0.000384114
3.20537e-07	0.659814	0.660329	-0.000389832
3.19251e-07	0.659921	0.660496	-0.000435493
3.17976e-07	0.66029	0.660808	-0.000392514
3.16711e-07	0.660905	0.661428	-0.000395336
3.15456e-07	0.661685	0.662053	-0.000277623
3.14211e-07	0.662528	0.662959	-0.000325076
3.12975e-07	0.663381	0.663762	-0.000287608
3.11749e-07	0.664267	0.664808	-0.00040698
3.10533e-07	0.665271	0.66576	-0.000367029
3.09326e-07	0.666563	0.667095	-0.000399057
3.08129e-07	0.668033	0.668743	-0.000531317
3.06941e-07	0.666553	0.667415	-0.0006465
3.05762e-07	0.665013	0.665828	-0.000612617
3.04592e-07	0.663444	0.664428	-0.000741441
3.03431e-07	0.661865	0.662855	-0.000747401
3.02278e-07	0.660317	0.661326	-0.000763107
3.01135e-07	0.658801	0.659772	-0.000736282
3e-07	0.657313	0.658299	-0.000749708
