1.2e-06	0.548711	0.552497	-0.00343814
1.18218e-06	0.572896	0.576722	-0.00332825
1.16488e-06	0.588619	0.59237	-0.00317665
1.14808e-06	0.594124	0.598818	-0.00393482
1.13175e-06	0.590978	0.595467	-0.00378373
1.11589e-06	0.577028	0.582197	-0.00445911
1.10046e-06	0.554986	0.55962	-0.00415745
1.08545e-06	0.522809	0.528724	-0.00562474
1.07085e-06	0.484642	0.491294	-0.00681656
1.05664e-06	0.446163	0.454345	-0.00908587
1.04279e-06	0.434261	0.44329	-0.0102886
1.02931e-06	0.492343	0.50107	-0.00878415
1.01617e-06	0.567092	0.574125	-0.00616273
1.00336e-06	0.557487	0.562088	-0.00410965
9.90871e-07	0.494717	0.498828	-0.00413752
9.78689e-07	0.422035	0.424697	-0.00314472
9.66802e-07	0.348959	0.352142	-0.00453935
9.552e-07	0.281196	0.284034	-0.00502162
9.43874e-07	0.217357	0.221014	-0.00834311
9.32813e-07	0.160586	0.163821	-0.00997115
9.22008e-07	0.111445	0.114223	-0.0123062
9.1145e-07	0.0729793	0.0749876	-0.0135727
9.01132e-07	0.0496356	0.0497603	-0.00125431
8.91045e-07	0.0480279	0.0433382	0.0513281
8.81181e-07	0.0619082	0.0483058	0.123419
8.71533e-07	0.0441629	0.0342288	0.126724
8.62094e-07	0.0394759	0.0380507	0.0183835
8.52857e-07	0.0597334	0.0646382	-0.0394373
8.43816e-07	0.0877814	0.0936512	-0.0323524
8.34965e-07	0.15753	0.162419	-0.0152812
8.26298e-07	0.285107	0.291497	-0.0110831
8.17808e-07	0.497435	0.460008	0.0390902
8.09492e-07	0.472173	0.498924	-0.0275474
8.01342e-07	0.465757	0.484118	-0.0193298
7.93355e-07	0.460535	0.476934	-0.0174927
7.85526e-07	0.472719	0.483569	-0.011346
7.7785e-07	0.489123	0.498523	-0.00951777
7.70323e-07	0.513255	0.517174	-0.00380298
7.62939e-07	0.535584	0.536712	-0.00105182
7.55696e-07	0.556747	0.555101	0.00148045
7.48589e-07	0.574384	0.570391	0.00348836
7.41615e-07	0.584949	0.580475	0.00383863
7.34769e-07	0.590102	0.583031	0.0060271
7.28049e-07	0.583723	0.576182	0.00650082
7.2145e-07	0.571125	0.559917	0.00990951
7.1497e-07	0.551823	0.538454	0.0122616
7.08605e-07	0.53475	0.519101	0.0148493
7.02353e-07	0.524081	0.507858	0.0157216
6.9621e-07	0.524248	0.508154	0.0155892
6.90173e-07	0.533898	0.520038	0.0131515
6.84241e-07	0.551082	0.540992	0.00923909
6.78409e-07	0.570432	0.566176	0.00374397
6.72676e-07	0.576875	0.575759	0.000968233
6.67039e-07	0.56593	0.56659	-0.000582383
6.61496e-07	0.56406	0.565648	-0.00140586
6.56044e-07	0.565484	0.567824	-0.00206501
6.50681e-07	0.567908	0.570746	-0.00249258
6.45405e-07	0.571026	0.573536	-0.00219331
6.40214e-07	0.574546	0.57672	-0.00188913
6.35106e-07	0.578151	0.580486	-0.00201535
6.30079e-07	0.581846	0.584223	-0.00203882
6.25131e-07	0.585506	0.58752	-0.00171714
6.2026e-07	0.589502	0.590757	-0.00106351
6.15464e-07	0.593343	0.594281	-0.000789289
6.10742e-07	0.597228	0.59811	-0.000737578
6.06091e-07	0.601447	0.602406	-0.000796584
6.01511e-07	0.60651	0.607407	-0.000738634
5.97e-07	0.612172	0.613144	-0.000793107
5.92556e-07	0.618206	0.619434	-0.000991958
5.88177e-07	0.624549	0.626099	-0.0012393
5.83863e-07	0.631128	0.632997	-0.0014783
5.79612e-07	0.640259	0.642923	-0.00207626
5.75422e-07	0.65191	0.653905	-0.00152803
5.71292e-07	0.658051	0.660396	-0.00177877
5.67221e-07	0.663747	0.66547	-0.00129618
5.63208e-07	0.668314	0.669768	-0.00108685
5.59251e-07	0.672286	0.673563	-0.000949392
5.55349e-07	0.676057	0.676943	-0.000654372
5.51501e-07	0.679138	0.679912	-0.000569813
5.47706e-07	0.682224	0.682522	-0.000217783
5.43964e-07	0.684762	0.684856	-6.90681e-05
5.40271e-07	0.687023	0.6869	8.91814e-05
5.36629e-07	0.688691	0.688489	0.00014652
5.33036e-07	0.689883	0.689468	0.000301276
5.2949e-07	0.69047	0.689867	0.000437343
5.25991e-07	0.690677	0.689872	0.000583189
5.22538e-07	0.690391	0.689624	0.00055553
5.1913e-07	0.689886	0.689119	0.000555922
5.15767e-07	0.689055	0.688307	0.000542817
5.12446e-07	0.688042	0.687232	0.000588876
5.09168e-07	0.686855	0.686012	0.000614091
5.05932e-07	0.685403	0.684694	0.000517079
5.02737e-07	0.683894	0.6832	0.000507578
4.99582e-07	0.682023	0.681441	0.000427154
4.96466e-07	0.680175	0.679443	0.00053835
4.93388e-07	0.677963	0.677317	0.000476334
4.90349e-07	0.675817	0.675131	0.000507757
4.87347e-07	0.673445	0.67287	0.000427029
4.84381e-07	0.671181	0.670547	0.000472896
4.81452e-07	0.669011	0.66834	0.00050115
4.78557e-07	0.667448	0.666728	0.0005401
4.75697e-07	0.663475	0.662449	0.000774036
4.72871e-07	0.657661	0.657186	0.00036136
4.70079e-07	0.65345	0.652828	0.000476558
4.67319e-07	0.649401	0.648896	0.00038921
4.64591e-07	0.645969	0.645357	0.000473735
4.61896e-07	0.642597	0.642166	0.000335526
4.59231e-07	0.63968	0.639225	0.000355392
4.56597e-07	0.636895	0.636472	0.000332441
4.53992e-07	0.634428	0.633938	0.000386902
4.51418e-07	0.632194	0.631688	0.0004002
4.48872e-07	0.630137	0.629718	0.000332773
4.46355e-07	0.628399	0.627948	0.000358922
4.43866e-07	0.626714	0.626317	0.000316924
4.41405e-07	0.625382	0.62484	0.000433535
4.38971e-07	0.624012	0.623557	0.000364812
4.36563e-07	0.622969	0.622451	0.000415337
4.34182e-07	0.621863	0.621445	0.000335666
4.31826e-07	0.621009	0.620488	0.000419752
4.29496e-07	0.620134	0.619602	0.000428878
4.27191e-07	0.619408	0.618836	0.000461904
4.24911e-07	0.618744	0.618183	0.000453089
4.22655e-07	0.618126	0.617588	0.000435118
4.20423e-07	0.617666	0.617027	0.000517618
4.18214e-07	0.617209	0.616556	0.0005297
4.16028e-07	0.61703	0.616273	0.000613811
4.13865e-07	0.61709	0.616327	0.000618256
4.11724e-07	0.618292	0.617412	0.000712164
4.09605e-07	0.619881	0.618666	0.000980856
4.07509e-07	0.625799	0.624928	0.000696032
4.05433e-07	0.627148	0.626377	0.000615264
4.03378e-07	0.627867	0.62693	0.000746897
4.01345e-07	0.627941	0.627127	0.000648469
3.99331e-07	0.628017	0.627249	0.000611542
3.97338e-07	0.628239	0.627313	0.000737877
3.95364e-07	0.6281	0.627374	0.000577596
3.9341e-07	0.628475	0.627551	0.00073568
3.91475e-07	0.628545	0.62783	0.000569064
3.8956e-07	0.628925	0.628123	0.000638128
3.87662e-07	0.629292	0.628443	0.000674789
3.85784e-07	0.629671	0.628868	0.000638352
3.83923e-07	0.63018	0.629373	0.000640482
3.8208e-07	0.630584	0.629845	0.000586891
3.80255e-07	0.631037	0.63023	0.000639643
3.78447e-07	0.631387	0.630569	0.000648625
3.76656e-07	0.631662	0.630873	0.000625037
3.74882e-07	0.631808	0.631071	0.000583509
3.73125e-07	0.631871	0.631104	0.000606922
3.71384e-07	0.631712	0.630994	0.000568131
3.69659e-07	0.631595	0.630811	0.000621295
3.67951e-07	0.631686	0.630929	0.00059983
3.66258e-07	0.63183	0.631082	0.000592944
3.6458e-07	0.632604	0.632201	0.000318498
3.62918e-07	0.632633	0.632283	0.000276938
3.61271e-07	0.63245	0.632132	0.000251126
3.59639e-07	0.63218	0.631991	0.000149489
3.58021e-07	0.632174	0.631941	0.000184256
3.56418e-07	0.632054	0.631998	4.46934e-05
3.54829e-07	0.632395	0.632216	0.000141332
3.53254e-07	0.632628	0.632646	-1.42286e-05
3.51694e-07	0.633364	0.63329	5.86799e-05
3.50147e-07	0.634067	0.634146	-6.2025e-05
3.48613e-07	0.635133	0.635208	-5.93364e-05
3.47093e-07	0.636317	0.636444	-0.000100124
3.45586e-07	0.637597	0.637817	-0.000172877
3.44092e-07	0.639179	0.639333	-0.000120687
3.42611e-07	0.640655	0.641026	-0.000289108
3.41143e-07	0.642683	0.642981	-0.000231811
3.39687e-07	0.644963	0.645514	-0.000427045
3.38244e-07	0.647275	0.64778	-0.00038997
3.36812e-07	0.649389	0.650108	-0.000553134
3.35393e-07	0.645636	0.646658	-0.000790716
3.33986e-07	0.643446	0.644371	-0.000718459
3.32591e-07	0.641317	0.642308	-0.0007723
3.31207e-07	0.639514	0.64037	-0.000669067
3.29834e-07	0.637529	0.638551	-0.000800778
3.28473e-07	0.635869	0.63681	-0.000738952
3.27123e-07	0.634081	0.63512	-0.000818087
3.25784e-07	0.632636	0.63354	-0.000713876
3.24457e-07	0.631226	0.632176	-0.000751594
3.23139e-07	0.630118	0.631072	-0.000756528
3.21833e-07	0.629228	0.63019	-0.000763686
3.20537e-07	0.628542	0.6295	-0.000760821
3.19251e-07	0.628187	0.629034	-0.000673835
3.17976e-07	0.627915	0.628826	-0.000725025
3.16711e-07	0.627987	0.62883	-0.000670824
3.15456e-07	0.628031	0.628948	-0.00072914
3.14211e-07	0.628336	0.629116	-0.000620397
3.12975e-07	0.628523	0.629325	-0.00063753
3.11749e-07	0.628822	0.629551	-0.000579458
3.10533e-07	0.628952	0.629718	-0.000608773
3.09326e-07	0.629033	0.629744	-0.000565423
3.08129e-07	0.628954	0.629607	-0.000518836
3.06941e-07	0.628705	0.629332	-0.000498578
3.05762e-07	0.628381	0.628945	-0.000448707
3.04592e-07	0.627863	0.628469	-0.000481814
3.03431e-07	0.627364	0.627904	-0.000429848
3.02278e-07	0.626744	0.627394	-0.000518876
3.01135e-07	0.62618	0.626724	-0.000433668
3e-07	0.624051	0.624764	-0.000570821
