1.2e-06	0.580117	0.582116	-0.00171991
1.18218e-06	0.586298	0.588435	-0.00181965
1.16488e-06	0.583812	0.585885	-0.00177171
1.14808e-06	0.572727	0.574961	-0.00194593
1.13175e-06	0.553318	0.555295	-0.00178288
1.11589e-06	0.526271	0.527894	-0.00153875
1.10046e-06	0.493488	0.49425	-0.000771742
1.08545e-06	0.460537	0.459224	0.00142742
1.07085e-06	0.442799	0.438475	0.00490635
1.05664e-06	0.471525	0.461889	0.0103232
1.04279e-06	0.55701	0.543832	0.0119707
1.02931e-06	0.615616	0.604311	0.00926667
1.01617e-06	0.590255	0.582848	0.00631379
1.00336e-06	0.518159	0.51532	0.00274764
9.90871e-07	0.433796	0.433972	-0.000202085
9.78689e-07	0.349885	0.352295	-0.0034328
9.66802e-07	0.270536	0.275303	-0.00873356
9.552e-07	0.197935	0.204148	-0.0154504
9.43874e-07	0.134358	0.142486	-0.0293596
9.32813e-07	0.0826391	0.092341	-0.0554458
9.22008e-07	0.0462656	0.0579127	-0.1118
9.1145e-07	0.0297271	0.0439356	-0.192886
9.01132e-07	0.0393567	0.0583559	-0.19444
8.91045e-07	0.070815	0.0999134	-0.170437
8.81181e-07	0.0950703	0.130995	-0.158913
8.71533e-07	0.124495	0.167527	-0.14736
8.62094e-07	0.102412	0.128946	-0.114688
8.52857e-07	0.165904	0.172812	-0.0203942
8.43816e-07	0.327503	0.338635	-0.0167108
8.34965e-07	0.605033	0.613291	-0.00677774
8.26298e-07	0.592949	0.62898	-0.0294876
8.17808e-07	0.564357	0.617548	-0.0450044
8.09492e-07	0.532159	0.586878	-0.0488983
8.01342e-07	0.506544	0.563542	-0.0532647
7.93355e-07	0.49624	0.553921	-0.0549265
7.85526e-07	0.503335	0.549339	-0.043702
7.7785e-07	0.522957	0.560609	-0.0347483
7.70323e-07	0.546904	0.575637	-0.0255962
7.62939e-07	0.567923	0.586189	-0.0158268
7.55696e-07	0.581321	0.594254	-0.0110008
7.48589e-07	0.584826	0.590107	-0.00449489
7.41615e-07	0.578568	0.576874	0.0014664
7.34769e-07	0.567075	0.557733	0.00830584
7.28049e-07	0.558943	0.537971	0.019119
7.2145e-07	0.559575	0.528972	0.0281133
7.1497e-07	0.568207	0.530849	0.0339914
7.08605e-07	0.582335	0.544851	0.0332547
7.02353e-07	0.599692	0.567004	0.0280183
6.9621e-07	0.621903	0.595485	0.0217009
6.90173e-07	0.618417	0.604654	0.011253
6.84241e-07	0.606718	0.598733	0.00662361
6.78409e-07	0.5997	0.593787	0.00495448
6.72676e-07	0.596352	0.591828	0.00380736
6.67039e-07	0.595136	0.590143	0.00421321
6.61496e-07	0.595765	0.590584	0.00436722
6.56044e-07	0.597428	0.59261	0.00404887
6.50681e-07	0.599735	0.594906	0.00404201
6.45405e-07	0.602649	0.59802	0.00385541
6.40214e-07	0.605908	0.601249	0.0038595
6.35106e-07	0.609122	0.605088	0.00332307
6.30079e-07	0.611962	0.608742	0.00263826
6.25131e-07	0.614461	0.611682	0.00226623
6.2026e-07	0.616865	0.614913	0.00158462
6.15464e-07	0.619259	0.618073	0.000958075
6.10742e-07	0.621694	0.621428	0.000213557
6.06091e-07	0.62452	0.625134	-0.000491598
6.01511e-07	0.628222	0.629309	-0.000864024
5.97e-07	0.632735	0.63431	-0.00124263
5.92556e-07	0.64241	0.644938	-0.00196319
5.88177e-07	0.65258	0.655444	-0.00218942
5.83863e-07	0.659006	0.661866	-0.00216536
5.79612e-07	0.66466	0.666887	-0.00167287
5.75422e-07	0.66982	0.672021	-0.00164027
5.71292e-07	0.674537	0.676839	-0.0017039
5.67221e-07	0.678808	0.680832	-0.00148907
5.63208e-07	0.682613	0.684794	-0.00159483
5.59251e-07	0.685967	0.688234	-0.00164984
5.55349e-07	0.688945	0.691126	-0.00157983
5.51501e-07	0.691647	0.694017	-0.0017104
5.47706e-07	0.694123	0.696489	-0.00170149
5.43964e-07	0.696348	0.698723	-0.00170238
5.40271e-07	0.698242	0.700762	-0.00180171
5.36629e-07	0.69973	0.70223	-0.00178335
5.33036e-07	0.700777	0.703353	-0.0018345
5.2949e-07	0.701395	0.704012	-0.00186172
5.25991e-07	0.70163	0.704194	-0.00182383
5.22538e-07	0.701541	0.704106	-0.0018247
5.1913e-07	0.701181	0.703649	-0.00175633
5.15767e-07	0.700592	0.702962	-0.00168824
5.12446e-07	0.699797	0.702061	-0.00161451
5.09168e-07	0.698807	0.700929	-0.00151635
5.05932e-07	0.697625	0.699632	-0.00143653
5.02737e-07	0.696258	0.698144	-0.00135266
4.99582e-07	0.694728	0.696511	-0.00128195
4.96466e-07	0.693078	0.69476	-0.00121229
4.93388e-07	0.691396	0.693017	-0.00117084
4.90349e-07	0.690004	0.691422	-0.00102674
4.87347e-07	0.686853	0.687788	-0.000680151
4.84381e-07	0.681893	0.682807	-0.000669791
4.81452e-07	0.67778	0.678592	-0.000598739
4.78557e-07	0.673986	0.674668	-0.000505676
4.75697e-07	0.670402	0.671044	-0.000479023
4.72871e-07	0.666991	0.667476	-0.000362874
4.70079e-07	0.663749	0.664181	-0.000325518
4.67319e-07	0.660677	0.661008	-0.000250018
4.64591e-07	0.65778	0.658014	-0.000177819
4.61896e-07	0.655066	0.655292	-0.000172626
4.59231e-07	0.652543	0.652671	-9.84669e-05
4.56597e-07	0.650221	0.650374	-0.000117353
4.53992e-07	0.648108	0.648236	-9.85338e-05
4.51418e-07	0.646207	0.646305	-7.54197e-05
4.48872e-07	0.644519	0.644664	-0.000112127
4.46355e-07	0.643041	0.643102	-4.75395e-05
4.43866e-07	0.641768	0.641847	-6.17009e-05
4.41405e-07	0.64069	0.640712	-1.72352e-05
4.38971e-07	0.639797	0.639725	5.6048e-05
4.36563e-07	0.639072	0.639002	5.46676e-05
4.34182e-07	0.638501	0.638283	0.000171084
4.31826e-07	0.638069	0.637835	0.000183556
4.29496e-07	0.637772	0.637479	0.000229736
4.27191e-07	0.637623	0.637211	0.000323242
4.24911e-07	0.637692	0.637364	0.00025727
4.22655e-07	0.638219	0.637736	0.000378243
4.20423e-07	0.641757	0.641097	0.000514123
4.18214e-07	0.64375	0.643154	0.00046339
4.16028e-07	0.646343	0.645721	0.000481555
4.13865e-07	0.64738	0.646838	0.000418343
4.11724e-07	0.647768	0.64719	0.000446337
4.09605e-07	0.64771	0.647046	0.000513308
4.07509e-07	0.647355	0.646692	0.000512197
4.05433e-07	0.646826	0.646159	0.00051564
4.03378e-07	0.646222	0.64551	0.000551017
4.01345e-07	0.645619	0.644862	0.000586678
3.99331e-07	0.645073	0.644385	0.000533782
3.97338e-07	0.644628	0.643893	0.00057042
3.95364e-07	0.644318	0.643589	0.000566577
3.9341e-07	0.644164	0.643552	0.000475192
3.91475e-07	0.644173	0.643482	0.000536665
3.8956e-07	0.644342	0.643746	0.000462354
3.87662e-07	0.644656	0.644109	0.000423962
3.85784e-07	0.64509	0.644458	0.000489868
3.83923e-07	0.645612	0.645108	0.000390721
3.8208e-07	0.646186	0.645606	0.000449124
3.80255e-07	0.646776	0.646185	0.000456886
3.78447e-07	0.64736	0.646874	0.000376162
3.76656e-07	0.648434	0.647807	0.000483263
3.74882e-07	0.650174	0.6494	0.000595832
3.73125e-07	0.651664	0.651309	0.000272192
3.71384e-07	0.652051	0.651871	0.000138369
3.69659e-07	0.652211	0.652233	-1.73445e-05
3.67951e-07	0.652254	0.652231	1.73557e-05
3.66258e-07	0.652211	0.65222	-6.97325e-06
3.6458e-07	0.652108	0.652154	-3.52058e-05
3.62918e-07	0.651983	0.651991	-6.70836e-06
3.61271e-07	0.651878	0.651941	-4.79039e-05
3.59639e-07	0.651847	0.651898	-3.9584e-05
3.58021e-07	0.651939	0.652029	-6.93046e-05
3.56418e-07	0.652202	0.652312	-8.44368e-05
3.54829e-07	0.652676	0.652807	-0.000100855
3.53254e-07	0.653394	0.653595	-0.000153662
3.51694e-07	0.654392	0.654603	-0.000160995
3.50147e-07	0.655731	0.656045	-0.000239453
3.48613e-07	0.657586	0.657973	-0.000294291
3.47093e-07	0.660456	0.661009	-0.000418461
3.45586e-07	0.659965	0.660732	-0.000580516
3.44092e-07	0.660157	0.660996	-0.000634745
3.42611e-07	0.658489	0.659426	-0.000710665
3.41143e-07	0.657371	0.658355	-0.000747815
3.39687e-07	0.656374	0.657322	-0.000722186
3.38244e-07	0.655376	0.656412	-0.000790183
3.36812e-07	0.654318	0.655248	-0.000709878
3.35393e-07	0.653169	0.654121	-0.000728299
3.33986e-07	0.651919	0.652838	-0.000704384
3.32591e-07	0.650575	0.651375	-0.000614114
3.31207e-07	0.649164	0.650018	-0.00065734
3.29834e-07	0.647724	0.648439	-0.000551207
3.28473e-07	0.646303	0.647011	-0.000547189
3.27123e-07	0.644956	0.645661	-0.000546877
3.25784e-07	0.643739	0.644314	-0.000445944
3.24457e-07	0.642707	0.643365	-0.000511279
3.23139e-07	0.641902	0.642443	-0.000421661
3.21833e-07	0.64135	0.641864	-0.000400752
3.20537e-07	0.641062	0.641598	-0.000418169
3.19251e-07	0.641028	0.64139	-0.000282129
3.17976e-07	0.641229	0.641647	-0.000325271
3.16711e-07	0.641633	0.641917	-0.000221215
3.15456e-07	0.642203	0.642396	-0.000150889
3.14211e-07	0.642898	0.643125	-0.00017657
3.12975e-07	0.64369	0.643725	-2.75133e-05
3.11749e-07	0.644582	0.644692	-8.57733e-05
3.10533e-07	0.645678	0.645682	-3.84546e-06
3.09326e-07	0.645927	0.64585	5.91278e-05
3.08129e-07	0.645974	0.646147	-0.000133506
3.06941e-07	0.644626	0.644863	-0.000183535
3.05762e-07	0.643358	0.643772	-0.000321223
3.04592e-07	0.642002	0.642481	-0.000372943
3.03431e-07	0.640553	0.640961	-0.000318525
3.02278e-07	0.639046	0.639644	-0.0004679
3.01135e-07	0.637535	0.637992	-0.000358737
3e-07	0.63608	0.636596	-0.000404917
