1.2e-06	0.531866	0.532452	-0.000549779
1.18218e-06	0.557087	0.557926	-0.000752845
1.16488e-06	0.574786	0.575288	-0.000436509
1.14808e-06	0.583559	0.584063	-0.000431884
1.13175e-06	0.584028	0.584314	-0.000244091
1.11589e-06	0.576504	0.576394	9.50515e-05
1.10046e-06	0.561037	0.56075	0.0002564
1.08545e-06	0.539075	0.537778	0.00120416
1.07085e-06	0.509715	0.507787	0.00189454
1.05664e-06	0.475768	0.471343	0.00467237
1.04279e-06	0.439538	0.431755	0.00893249
1.02931e-06	0.423631	0.407835	0.0189987
1.01617e-06	0.464392	0.443465	0.0230508
1.00336e-06	0.482291	0.468134	0.0148956
9.90871e-07	0.434178	0.428071	0.00708267
9.78689e-07	0.375706	0.373119	0.00345496
9.66802e-07	0.320126	0.319589	0.000838482
9.552e-07	0.268827	0.269424	-0.00110781
9.43874e-07	0.221409	0.222676	-0.00285267
9.32813e-07	0.177303	0.179524	-0.00622328
9.22008e-07	0.137788	0.140471	-0.00964243
9.1145e-07	0.102276	0.106347	-0.0195165
9.01132e-07	0.0730625	0.0783906	-0.0351801
8.91045e-07	0.0499949	0.0586065	-0.079295
8.81181e-07	0.0362692	0.0501272	-0.1604
8.71533e-07	0.031341	0.0480001	-0.209969
8.62094e-07	0.0343603	0.0464245	-0.149337
8.52857e-07	0.0512082	0.0655498	-0.122832
8.43816e-07	0.0780626	0.0977768	-0.112115
8.34965e-07	0.0868602	0.102027	-0.0802948
8.26298e-07	0.106208	0.112818	-0.0301799
8.17808e-07	0.147612	0.151882	-0.0142554
8.09492e-07	0.211623	0.213709	-0.00490494
8.01342e-07	0.295316	0.300742	-0.00910265
7.93355e-07	0.42342	0.425495	-0.00244407
7.85526e-07	0.395714	0.452707	-0.0671755
7.7785e-07	0.48939	0.52685	-0.0368607
7.70323e-07	0.501811	0.539931	-0.0365934
7.62939e-07	0.519442	0.545846	-0.0247851
7.55696e-07	0.526532	0.552965	-0.0244866
7.48589e-07	0.537603	0.558925	-0.019445
7.41615e-07	0.541693	0.559508	-0.0161776
7.34769e-07	0.536677	0.551632	-0.013741
7.28049e-07	0.526448	0.534956	-0.00801522
7.2145e-07	0.509188	0.512415	-0.00315883
7.1497e-07	0.493106	0.48931	0.00386385
7.08605e-07	0.480659	0.471053	0.0100943
7.02353e-07	0.472228	0.460303	0.0127872
6.9621e-07	0.471032	0.456609	0.0155476
6.90173e-07	0.472425	0.459676	0.013678
6.84241e-07	0.480782	0.469422	0.0119556
6.78409e-07	0.49168	0.483365	0.00852798
6.72676e-07	0.50493	0.498246	0.00666313
6.67039e-07	0.518872	0.513218	0.00547754
6.61496e-07	0.534106	0.529765	0.00408064
6.56044e-07	0.551636	0.548314	0.00301979
6.50681e-07	0.571737	0.570214	0.00133326
6.45405e-07	0.582774	0.579371	0.00292857
6.40214e-07	0.574415	0.572067	0.0020484
6.35106e-07	0.570831	0.568768	0.00180975
6.30079e-07	0.569761	0.568438	0.00116234
6.25131e-07	0.570601	0.569576	0.000899477
6.2026e-07	0.572176	0.571776	0.000349355
6.15464e-07	0.575582	0.57481	0.000670597
6.10742e-07	0.578426	0.578426	-5.76341e-07
6.06091e-07	0.582474	0.582447	2.31612e-05
6.01511e-07	0.586265	0.586864	-0.000510591
5.97e-07	0.591216	0.591637	-0.000355172
5.92556e-07	0.595829	0.596648	-0.00068627
5.88177e-07	0.6007	0.601727	-0.000854134
5.83863e-07	0.605313	0.606683	-0.00113034
5.79612e-07	0.609806	0.611479	-0.00137
5.75422e-07	0.614581	0.616161	-0.00128354
5.71292e-07	0.618945	0.620688	-0.00140617
5.67221e-07	0.623614	0.624948	-0.00106868
5.63208e-07	0.627358	0.628848	-0.00118631
5.59251e-07	0.631294	0.632365	-0.000847475
5.55349e-07	0.634637	0.635997	-0.00107012
5.51501e-07	0.639677	0.640417	-0.000578309
5.47706e-07	0.642309	0.643384	-0.000836136
5.43964e-07	0.644744	0.645787	-0.000808752
5.40271e-07	0.646576	0.647743	-0.00090171
5.36629e-07	0.647993	0.649228	-0.000951935
5.33036e-07	0.648901	0.65022	-0.00101566
5.2949e-07	0.649349	0.650729	-0.00106177
5.25991e-07	0.649435	0.650799	-0.00104909
5.22538e-07	0.649046	0.650489	-0.00111022
5.1913e-07	0.64857	0.649859	-0.00099273
5.15767e-07	0.647544	0.648955	-0.00108804
5.12446e-07	0.646648	0.647805	-0.000893413
5.09168e-07	0.64511	0.646421	-0.00101515
5.05932e-07	0.643776	0.644807	-0.000799986
5.02737e-07	0.641778	0.642958	-0.000918574
4.99582e-07	0.639929	0.640876	-0.000738847
4.96466e-07	0.637518	0.638563	-0.000818866
4.93388e-07	0.635125	0.636032	-0.000713696
4.90349e-07	0.63238	0.633303	-0.000729547
4.87347e-07	0.629503	0.630403	-0.000714494
4.84381e-07	0.626539	0.627365	-0.000659361
4.81452e-07	0.623323	0.624229	-0.000726298
4.78557e-07	0.620276	0.621037	-0.000613196
4.75697e-07	0.616927	0.617835	-0.000735111
4.72871e-07	0.613946	0.614672	-0.000591173
4.70079e-07	0.610706	0.611599	-0.000730622
4.67319e-07	0.607951	0.608665	-0.000586757
4.64591e-07	0.60507	0.605924	-0.000705284
4.61896e-07	0.602736	0.603436	-0.000580568
4.59231e-07	0.60052	0.601285	-0.000636552
4.56597e-07	0.598286	0.598923	-0.000532259
4.53992e-07	0.595463	0.595934	-0.000394681
4.51418e-07	0.592686	0.593102	-0.00035124
4.48872e-07	0.590333	0.590691	-0.000303387
4.46355e-07	0.588194	0.58858	-0.00032785
4.43866e-07	0.58642	0.586707	-0.000245189
4.41405e-07	0.584669	0.58503	-0.000309104
4.38971e-07	0.583273	0.583513	-0.000205843
4.36563e-07	0.581791	0.582124	-0.000286513
4.34182e-07	0.580624	0.580834	-0.000181385
4.31826e-07	0.579323	0.57962	-0.000256446
4.29496e-07	0.578267	0.578461	-0.000168308
4.27191e-07	0.577092	0.577345	-0.000219035
4.24911e-07	0.576072	0.57626	-0.000162369
4.22655e-07	0.574996	0.575199	-0.000176737
4.20423e-07	0.573981	0.574163	-0.000158811
4.18214e-07	0.573	0.573153	-0.000133595
4.16028e-07	0.572	0.572176	-0.000153423
4.13865e-07	0.571133	0.57124	-9.4122e-05
4.11724e-07	0.570194	0.570357	-0.000142765
4.09605e-07	0.569466	0.569536	-6.17318e-05
4.07509e-07	0.568646	0.568788	-0.000124509
4.05433e-07	0.568083	0.568126	-3.79519e-05
4.03378e-07	0.567454	0.567566	-9.81053e-05
4.01345e-07	0.567104	0.567129	-2.21712e-05
3.99331e-07	0.566776	0.566851	-6.62671e-05
3.97338e-07	0.56681	0.566822	-1.09407e-05
3.95364e-07	0.567387	0.567406	-1.66226e-05
3.9341e-07	0.56784	0.567878	-3.35794e-05
3.91475e-07	0.570815	0.570676	0.000121892
3.8956e-07	0.575397	0.575364	2.85556e-05
3.87662e-07	0.577333	0.577031	0.000261299
3.85784e-07	0.57823	0.578079	0.000130565
3.83923e-07	0.57906	0.578812	0.000214698
3.8208e-07	0.579614	0.579359	0.000220213
3.80255e-07	0.580033	0.579786	0.000213583
3.78447e-07	0.580376	0.580126	0.000215501
3.76656e-07	0.580689	0.580391	0.000256368
3.74882e-07	0.580813	0.580578	0.000202499
3.73125e-07	0.581007	0.580676	0.000284363
3.71384e-07	0.580946	0.580679	0.000229276
3.69659e-07	0.580908	0.580581	0.000281332
3.67951e-07	0.580714	0.580381	0.000286648
3.66258e-07	0.580397	0.580086	0.000267588
3.6458e-07	0.580108	0.579711	0.000342616
3.62918e-07	0.579592	0.579282	0.000267568
3.61271e-07	0.579266	0.578833	0.000373654
3.59639e-07	0.578744	0.578408	0.000289948
3.58021e-07	0.578489	0.578055	0.000375775
3.56418e-07	0.578206	0.577828	0.000326322
3.54829e-07	0.578209	0.577799	0.000355377
3.53254e-07	0.578653	0.578218	0.000376365
3.51694e-07	0.579875	0.57942	0.000392007
3.50147e-07	0.581682	0.581146	0.000460517
3.48613e-07	0.583568	0.583256	0.000267777
3.47093e-07	0.584792	0.584499	0.000250745
3.45586e-07	0.585836	0.585619	0.000185506
3.44092e-07	0.586927	0.586706	0.000188028
3.42611e-07	0.587943	0.587766	0.000151024
3.41143e-07	0.588983	0.588775	0.000176531
3.39687e-07	0.589867	0.589698	0.000143981
3.38244e-07	0.590695	0.590498	0.000166541
3.36812e-07	0.591325	0.591147	0.000149949
3.35393e-07	0.591806	0.59163	0.000148897
3.33986e-07	0.592123	0.591945	0.00015032
3.32591e-07	0.592272	0.592115	0.000132316
3.31207e-07	0.592347	0.592185	0.000136614
3.29834e-07	0.592373	0.592226	0.000124252
3.28473e-07	0.59248	0.592341	0.000117063
3.27123e-07	0.592858	0.592693	0.000139301
3.25784e-07	0.593901	0.593678	0.000187788
3.24457e-07	0.594605	0.594425	0.000151901
3.23139e-07	0.596259	0.596105	0.00012895
3.21833e-07	0.596333	0.596337	-3.50246e-06
3.20537e-07	0.594371	0.59422	0.000127435
3.19251e-07	0.593106	0.592985	0.000101928
3.17976e-07	0.592412	0.59223	0.000153417
3.16711e-07	0.591981	0.591818	0.000137598
3.15456e-07	0.591859	0.591659	0.000169019
3.14211e-07	0.591885	0.591678	0.000174702
3.12975e-07	0.592011	0.591797	0.000180668
3.11749e-07	0.5922	0.591942	0.000217657
3.10533e-07	0.592272	0.592041	0.000195796
3.09326e-07	0.592341	0.59203	0.000262276
3.08129e-07	0.59212	0.591857	0.000222101
3.06941e-07	0.591841	0.591482	0.000302756
3.05762e-07	0.591202	0.590889	0.000264031
3.04592e-07	0.59048	0.590083	0.000335618
3.03431e-07	0.58947	0.589092	0.00032063
3.02278e-07	0.58839	0.587964	0.000362161
3.01135e-07	0.587213	0.586761	0.000385204
3e-07	0.586011	0.585558	0.000386728
