1.2e-06	0.649928	0.651924	-0.00153315
1.18218e-06	0.658889	0.660958	-0.00156783
1.16488e-06	0.659889	0.662227	-0.00176791
1.14808e-06	0.653353	0.655787	-0.0018595
1.13175e-06	0.63961	0.641604	-0.00155654
1.11589e-06	0.618774	0.619988	-0.000979345
1.10046e-06	0.590689	0.59123	-0.000457618
1.08545e-06	0.554959	0.55481	0.000133992
1.07085e-06	0.511479	0.509712	0.00173008
1.05664e-06	0.464348	0.458654	0.0061694
1.04279e-06	0.444347	0.43098	0.0152706
1.02931e-06	0.505894	0.489554	0.016414
1.01617e-06	0.51111	0.503974	0.00702953
1.00336e-06	0.449536	0.448392	0.0012731
9.90871e-07	0.380835	0.381979	-0.00149986
9.78689e-07	0.31539	0.317777	-0.00376847
9.66802e-07	0.253869	0.257548	-0.00719373
9.552e-07	0.196698	0.201515	-0.0120979
9.43874e-07	0.145118	0.150694	-0.0188522
9.32813e-07	0.101184	0.107696	-0.0311757
9.22008e-07	0.0676894	0.0759104	-0.0572496
9.1145e-07	0.0483132	0.0587518	-0.097498
9.01132e-07	0.0485656	0.0617053	-0.119158
8.91045e-07	0.0675497	0.0861036	-0.120752
8.81181e-07	0.0973971	0.12524	-0.125061
8.71533e-07	0.122687	0.146572	-0.0887074
8.62094e-07	0.232233	0.243202	-0.0230708
8.52857e-07	0.575209	0.568741	0.00565394
8.43816e-07	0.609102	0.617043	-0.00647678
8.34965e-07	0.60233	0.619691	-0.0142066
8.26298e-07	0.585597	0.615005	-0.0244944
8.17808e-07	0.563101	0.604751	-0.0356638
8.09492e-07	0.540094	0.589775	-0.0439709
8.01342e-07	0.523696	0.574904	-0.0466121
7.93355e-07	0.51977	0.567122	-0.0435672
7.85526e-07	0.528975	0.569706	-0.0370733
7.7785e-07	0.54636	0.579454	-0.0293952
7.70323e-07	0.564533	0.589451	-0.0215926
7.62939e-07	0.57732	0.594312	-0.0145029
7.55696e-07	0.581278	0.592358	-0.00944085
7.48589e-07	0.576382	0.584302	-0.00682322
7.41615e-07	0.566737	0.572404	-0.00497477
7.34769e-07	0.559255	0.561008	-0.00156523
7.28049e-07	0.559658	0.554807	0.00435299
7.2145e-07	0.569429	0.556277	0.0116836
7.1497e-07	0.586774	0.566939	0.0171923
7.08605e-07	0.610751	0.590585	0.0167865
7.02353e-07	0.615804	0.602761	0.0107034
6.9621e-07	0.596368	0.586977	0.00793619
6.90173e-07	0.587271	0.579616	0.00655992
6.84241e-07	0.583167	0.577738	0.00467709
6.78409e-07	0.581859	0.578716	0.00270797
6.72676e-07	0.582132	0.580158	0.00169805
6.67039e-07	0.583367	0.581565	0.00154694
6.61496e-07	0.58545	0.584013	0.00122851
6.56044e-07	0.587835	0.587307	0.000449085
6.50681e-07	0.590251	0.590489	-0.000201296
6.45405e-07	0.593095	0.593598	-0.000423943
6.40214e-07	0.596566	0.59712	-0.000463554
6.35106e-07	0.600264	0.600975	-0.000592132
6.30079e-07	0.603735	0.604682	-0.000783645
6.25131e-07	0.607109	0.608103	-0.000817918
6.2026e-07	0.61073	0.611614	-0.000722996
6.15464e-07	0.614693	0.615484	-0.000642877
6.10742e-07	0.61913	0.619891	-0.000613879
6.06091e-07	0.624769	0.62544	-0.000537217
6.01511e-07	0.637178	0.636347	0.000652438
5.97e-07	0.645044	0.644634	0.000318507
5.92556e-07	0.650717	0.650908	-0.00014685
5.88177e-07	0.656025	0.65675	-0.000552149
5.83863e-07	0.661194	0.662326	-0.000855509
5.79612e-07	0.666206	0.667651	-0.0010828
5.75422e-07	0.670974	0.67269	-0.00127738
5.71292e-07	0.675399	0.67736	-0.0014498
5.67221e-07	0.679401	0.681572	-0.00159496
5.63208e-07	0.682936	0.685297	-0.00172517
5.59251e-07	0.686027	0.688563	-0.00184554
5.55349e-07	0.688773	0.691421	-0.00191839
5.51501e-07	0.691292	0.693918	-0.00189603
5.47706e-07	0.693635	0.696131	-0.00179589
5.43964e-07	0.695762	0.698141	-0.00170697
5.40271e-07	0.697576	0.699946	-0.00169605
5.36629e-07	0.698991	0.70142	-0.00173437
5.33036e-07	0.699969	0.702424	-0.00175058
5.2949e-07	0.700529	0.702963	-0.00173365
5.25991e-07	0.700729	0.703163	-0.00173325
5.22538e-07	0.700639	0.703112	-0.00176175
5.1913e-07	0.700316	0.702778	-0.0017548
5.15767e-07	0.699792	0.702118	-0.00165881
5.12446e-07	0.699074	0.701196	-0.00151556
5.09168e-07	0.698156	0.700132	-0.00141372
5.05932e-07	0.69704	0.69896	-0.00137564
5.02737e-07	0.695783	0.697652	-0.0013413
4.99582e-07	0.694563	0.696264	-0.00122258
4.96466e-07	0.692083	0.693031	-0.000683888
4.93388e-07	0.688206	0.689195	-0.000718086
4.90349e-07	0.684461	0.685442	-0.000716115
4.87347e-07	0.680976	0.681862	-0.000650206
4.84381e-07	0.677578	0.678306	-0.000536389
4.81452e-07	0.674214	0.674815	-0.00044555
4.78557e-07	0.670863	0.671424	-0.000418193
4.75697e-07	0.667533	0.668095	-0.000420675
4.72871e-07	0.664253	0.664796	-0.000408829
4.70079e-07	0.661066	0.661586	-0.000393146
4.67319e-07	0.658021	0.658555	-0.000405059
4.64591e-07	0.65516	0.655719	-0.000426378
4.61896e-07	0.65251	0.653035	-0.000402459
4.59231e-07	0.650076	0.650496	-0.000323545
4.56597e-07	0.647851	0.64817	-0.000246608
4.53992e-07	0.645821	0.646106	-0.000220261
4.51418e-07	0.643979	0.644269	-0.000225384
4.48872e-07	0.642327	0.642606	-0.000217578
4.46355e-07	0.640877	0.641131	-0.000198251
4.43866e-07	0.639648	0.639906	-0.000201004
4.41405e-07	0.638655	0.638936	-0.00021977
4.38971e-07	0.637902	0.638159	-0.000200844
4.36563e-07	0.637385	0.637537	-0.000119503
4.34182e-07	0.637101	0.637131	-2.32732e-05
4.31826e-07	0.637073	0.637032	3.25808e-05
4.29496e-07	0.638454	0.63834	8.96082e-05
4.27191e-07	0.640071	0.639901	0.00013234
4.24911e-07	0.642271	0.64202	0.000195319
4.22655e-07	0.646706	0.646328	0.00029262
4.20423e-07	0.647631	0.647319	0.000241077
4.18214e-07	0.647387	0.647163	0.000172446
4.16028e-07	0.646922	0.646692	0.000177556
4.13865e-07	0.646542	0.646207	0.000259114
4.11724e-07	0.646313	0.645864	0.000346902
4.09605e-07	0.646212	0.645713	0.000386178
4.07509e-07	0.646194	0.645693	0.000387667
4.05433e-07	0.646223	0.645721	0.000388267
4.03378e-07	0.64628	0.645766	0.000398472
4.01345e-07	0.646366	0.645836	0.000409959
3.99331e-07	0.646492	0.645938	0.0004287
3.97338e-07	0.646671	0.646068	0.000466287
3.95364e-07	0.646912	0.646256	0.000507119
3.9341e-07	0.647214	0.646542	0.000519158
3.91475e-07	0.647573	0.646923	0.000502054
3.8956e-07	0.647987	0.647349	0.000492545
3.87662e-07	0.648462	0.647806	0.000506488
3.85784e-07	0.649036	0.648383	0.000502706
3.83923e-07	0.650319	0.649647	0.000516965
3.8208e-07	0.652035	0.651535	0.000384196
3.80255e-07	0.653387	0.65302	0.000281084
3.78447e-07	0.654767	0.654483	0.000216673
3.76656e-07	0.655656	0.655349	0.000234224
3.74882e-07	0.656338	0.656077	0.000198984
3.73125e-07	0.656791	0.656634	0.000119105
3.71384e-07	0.657023	0.656935	6.74026e-05
3.69659e-07	0.657074	0.656996	5.9605e-05
3.67951e-07	0.657002	0.656963	2.96767e-05
3.66258e-07	0.656879	0.65697	-6.90545e-05
3.6458e-07	0.656778	0.657018	-0.000182374
3.62918e-07	0.656772	0.657053	-0.000214616
3.61271e-07	0.656924	0.657125	-0.000153245
3.59639e-07	0.657297	0.657414	-8.96807e-05
3.58021e-07	0.657959	0.658101	-0.000107625
3.56418e-07	0.659023	0.659267	-0.000185004
3.54829e-07	0.660935	0.661215	-0.000212353
3.53254e-07	0.662601	0.663015	-0.00031249
3.51694e-07	0.66527	0.665819	-0.000412316
3.50147e-07	0.665757	0.666281	-0.000393797
3.48613e-07	0.665592	0.666114	-0.000391806
3.47093e-07	0.664189	0.664666	-0.000358955
3.45586e-07	0.663496	0.663926	-0.000324167
3.44092e-07	0.66307	0.663445	-0.000282162
3.42611e-07	0.662745	0.663056	-0.000234258
3.41143e-07	0.662414	0.662656	-0.000182846
3.39687e-07	0.662009	0.6622	-0.000143888
3.38244e-07	0.66149	0.661669	-0.000135433
3.36812e-07	0.660836	0.661031	-0.000147662
3.35393e-07	0.660046	0.660237	-0.00014527
3.33986e-07	0.659133	0.65928	-0.000111557
3.32591e-07	0.658123	0.658219	-7.25102e-05
3.31207e-07	0.657049	0.657126	-5.87845e-05
3.29834e-07	0.655951	0.656027	-5.77583e-05
3.28473e-07	0.654876	0.654917	-3.12632e-05
3.27123e-07	0.653876	0.653847	2.1699e-05
3.25784e-07	0.653007	0.652937	5.33837e-05
3.24457e-07	0.652322	0.652279	3.3446e-05
3.23139e-07	0.651868	0.65187	-1.28562e-06
3.21833e-07	0.651679	0.65167	6.64786e-06
3.20537e-07	0.651779	0.65171	5.30779e-05
3.19251e-07	0.652184	0.652087	7.45217e-05
3.17976e-07	0.652923	0.652878	3.42849e-05
3.16711e-07	0.654105	0.654216	-8.443e-05
3.15456e-07	0.655077	0.655299	-0.000169057
3.14211e-07	0.65567	0.655974	-0.000231948
3.12975e-07	0.656003	0.656302	-0.000227962
3.11749e-07	0.655241	0.655661	-0.000320371
3.10533e-07	0.654551	0.655039	-0.000372322
3.09326e-07	0.65383	0.654285	-0.000347846
3.08129e-07	0.652987	0.653379	-0.000299523
3.06941e-07	0.651982	0.652388	-0.000311475
3.05762e-07	0.650799	0.6513	-0.000384853
3.04592e-07	0.649452	0.650022	-0.000438632
3.03431e-07	0.647975	0.648536	-0.000432586
3.02278e-07	0.646482	0.64705	-0.000439046
3.01135e-07	0.645243	0.645867	-0.000483628
3e-07	0.643945	0.644688	-0.00057677
