1.2e-06	0.483655	0.487608	-0.00406964
1.18218e-06	0.509535	0.513891	-0.00425553
1.16488e-06	0.529319	0.534074	-0.0044713
1.14808e-06	0.541649	0.54768	-0.00553634
1.13175e-06	0.545593	0.551889	-0.0057368
1.11589e-06	0.537768	0.546308	-0.00787774
1.10046e-06	0.518928	0.529424	-0.0100111
1.08545e-06	0.488111	0.502444	-0.0144704
1.07085e-06	0.456158	0.477733	-0.0231026
1.05664e-06	0.471565	0.499921	-0.0291879
1.04279e-06	0.570651	0.598809	-0.0240778
1.02931e-06	0.627178	0.644227	-0.0134097
1.01617e-06	0.601573	0.611889	-0.00850171
1.00336e-06	0.544791	0.551528	-0.00614574
9.90871e-07	0.480944	0.485704	-0.00492393
9.78689e-07	0.413797	0.418153	-0.00523623
9.66802e-07	0.347272	0.351211	-0.00564025
9.552e-07	0.282066	0.285901	-0.00675249
9.43874e-07	0.218892	0.223219	-0.0097869
9.32813e-07	0.161253	0.165813	-0.0139414
9.22008e-07	0.109476	0.114624	-0.0229689
9.1145e-07	0.0672687	0.073635	-0.0451817
9.01132e-07	0.0385209	0.0456077	-0.0842381
8.91045e-07	0.0318827	0.0400079	-0.113022
8.81181e-07	0.0570045	0.0597319	-0.023364
8.71533e-07	0.0569649	0.052389	0.0418444
8.62094e-07	0.0404587	0.0379548	0.031932
8.52857e-07	0.0361399	0.0397543	-0.0476246
8.43816e-07	0.0414958	0.0421971	-0.00837931
8.34965e-07	0.0688546	0.0685711	0.00206335
8.26298e-07	0.110214	0.109182	0.00470162
8.17808e-07	0.167148	0.166562	0.0017567
8.09492e-07	0.23825	0.240323	-0.00433115
8.01342e-07	0.24616	0.25943	-0.0262467
7.93355e-07	0.329297	0.339795	-0.0156901
7.85526e-07	0.364225	0.371042	-0.00927058
7.7785e-07	0.395524	0.398981	-0.00435076
7.70323e-07	0.428798	0.424118	0.0054882
7.62939e-07	0.455604	0.452648	0.00325469
7.55696e-07	0.483107	0.476859	0.00650918
7.48589e-07	0.507104	0.496981	0.0100818
7.41615e-07	0.522676	0.514649	0.00773853
7.34769e-07	0.534293	0.522887	0.0107893
7.28049e-07	0.535589	0.526939	0.00814125
7.2145e-07	0.528643	0.519086	0.00912134
7.1497e-07	0.516233	0.507876	0.00816068
7.08605e-07	0.497067	0.491821	0.00530546
7.02353e-07	0.475983	0.47294	0.00320633
6.9621e-07	0.453621	0.453619	2.25982e-06
6.90173e-07	0.435657	0.437124	-0.00168102
6.84241e-07	0.42882	0.432172	-0.00389362
6.78409e-07	0.433568	0.437677	-0.0047167
6.72676e-07	0.449519	0.454119	-0.00508999
6.67039e-07	0.473509	0.477506	-0.00420261
6.61496e-07	0.494523	0.500175	-0.00568211
6.56044e-07	0.50534	0.50917	-0.00377546
6.50681e-07	0.510523	0.513955	-0.00335017
6.45405e-07	0.516674	0.51903	-0.00227432
6.40214e-07	0.522986	0.524639	-0.00157778
6.35106e-07	0.528959	0.530861	-0.00179457
6.30079e-07	0.535457	0.53669	-0.00114955
6.25131e-07	0.541445	0.542627	-0.00109042
6.2026e-07	0.547468	0.54808	-0.000558693
6.15464e-07	0.553181	0.554272	-0.000984809
6.10742e-07	0.558753	0.560288	-0.00137177
6.06091e-07	0.565377	0.567362	-0.00175213
6.01511e-07	0.572647	0.574867	-0.00193413
5.97e-07	0.58067	0.583394	-0.00233945
5.92556e-07	0.58885	0.592135	-0.00278112
5.88177e-07	0.596843	0.600579	-0.00311953
5.83863e-07	0.604728	0.60855	-0.00315041
5.79612e-07	0.612276	0.616135	-0.00314149
5.75422e-07	0.620037	0.623654	-0.00290827
5.71292e-07	0.627468	0.630878	-0.0027099
5.67221e-07	0.636552	0.639662	-0.00243638
5.63208e-07	0.649535	0.652276	-0.00210544
5.59251e-07	0.655958	0.658846	-0.00219674
5.55349e-07	0.661125	0.663941	-0.00212539
5.51501e-07	0.665773	0.66848	-0.00202871
5.47706e-07	0.669542	0.671799	-0.00168229
5.43964e-07	0.672844	0.675201	-0.00174792
5.40271e-07	0.675638	0.677624	-0.00146754
5.36629e-07	0.677844	0.679607	-0.00129938
5.33036e-07	0.679294	0.681062	-0.00129964
5.2949e-07	0.680292	0.681712	-0.00104213
5.25991e-07	0.680793	0.682203	-0.00103506
5.22538e-07	0.680668	0.681939	-0.000932777
5.1913e-07	0.68047	0.681658	-0.000872033
5.15767e-07	0.67977	0.680844	-0.000788756
5.12446e-07	0.678832	0.67997	-0.000837467
5.09168e-07	0.677854	0.678758	-0.000666396
5.05932e-07	0.676347	0.677383	-0.000765474
5.02737e-07	0.674892	0.675787	-0.000662641
4.99582e-07	0.673126	0.67396	-0.00061922
4.96466e-07	0.671055	0.671985	-0.000692996
4.93388e-07	0.669076	0.669779	-0.000525118
4.90349e-07	0.666657	0.667496	-0.00062928
4.87347e-07	0.664324	0.665033	-0.000533419
4.84381e-07	0.661935	0.662598	-0.000500945
4.81452e-07	0.659373	0.660079	-0.00053562
4.78557e-07	0.657187	0.65774	-0.000420659
4.75697e-07	0.65492	0.655495	-0.000439084
4.72871e-07	0.653125	0.65363	-0.000386666
4.70079e-07	0.652099	0.65245	-0.000269536
4.67319e-07	0.651497	0.651529	-2.42483e-05
4.64591e-07	0.645601	0.645502	7.65587e-05
4.61896e-07	0.639851	0.639917	-5.10728e-05
4.59231e-07	0.635271	0.635311	-3.14201e-05
4.56597e-07	0.631394	0.631437	-3.40794e-05
4.53992e-07	0.627978	0.62808	-8.09736e-05
4.51418e-07	0.625004	0.625024	-1.56198e-05
4.48872e-07	0.622331	0.622438	-8.55788e-05
4.46355e-07	0.61997	0.619998	-2.2019e-05
4.43866e-07	0.617893	0.617969	-6.10624e-05
4.41405e-07	0.615985	0.616023	-3.09337e-05
4.38971e-07	0.614342	0.614389	-3.77876e-05
4.36563e-07	0.612809	0.612834	-2.07053e-05
4.34182e-07	0.611429	0.611458	-2.37068e-05
4.31826e-07	0.610173	0.610171	1.48336e-06
4.29496e-07	0.608932	0.608932	1.25395e-08
4.27191e-07	0.60782	0.607801	1.53691e-05
4.24911e-07	0.606695	0.606639	4.65475e-05
4.22655e-07	0.605638	0.605611	2.2393e-05
4.20423e-07	0.604657	0.604536	9.96078e-05
4.18214e-07	0.603666	0.603606	4.98616e-05
4.16028e-07	0.602816	0.602656	0.000132595
4.13865e-07	0.601978	0.601839	0.000115683
4.11724e-07	0.601244	0.601067	0.000147772
4.09605e-07	0.600666	0.600425	0.000200483
4.07509e-07	0.600168	0.599951	0.00018081
4.05433e-07	0.60005	0.599728	0.00026817
4.03378e-07	0.60125	0.6009	0.000291194
4.01345e-07	0.602235	0.601675	0.000465347
3.99331e-07	0.608153	0.607552	0.00049457
3.97338e-07	0.609869	0.609284	0.000479522
3.95364e-07	0.610935	0.610483	0.000369701
3.9341e-07	0.611938	0.611523	0.000338885
3.91475e-07	0.612723	0.612143	0.000473831
3.8956e-07	0.613252	0.612838	0.000338126
3.87662e-07	0.613839	0.613445	0.000320913
3.85784e-07	0.614435	0.613857	0.000470415
3.83923e-07	0.614754	0.614397	0.000290703
3.8208e-07	0.615177	0.61471	0.000379639
3.80255e-07	0.615559	0.615035	0.000425772
3.78447e-07	0.615665	0.615295	0.000300649
3.76656e-07	0.615903	0.615378	0.000427021
3.74882e-07	0.615955	0.615493	0.000375153
3.73125e-07	0.615814	0.615373	0.000357794
3.71384e-07	0.615741	0.615227	0.00041781
3.69659e-07	0.615393	0.614935	0.000372605
3.67951e-07	0.614986	0.614508	0.000388378
3.66258e-07	0.614556	0.614064	0.000400596
3.6458e-07	0.613944	0.61347	0.000386252
3.62918e-07	0.613406	0.612936	0.000382864
3.61271e-07	0.61288	0.6124	0.000391518
3.59639e-07	0.612703	0.61227	0.00035373
3.58021e-07	0.612643	0.612447	0.00015978
3.56418e-07	0.612993	0.612961	2.64377e-05
3.54829e-07	0.613173	0.613262	-7.31511e-05
3.53254e-07	0.613412	0.613504	-7.46292e-05
3.51694e-07	0.613798	0.613982	-0.000149158
3.50147e-07	0.614325	0.614586	-0.00021205
3.48613e-07	0.61503	0.615304	-0.000223055
3.47093e-07	0.615869	0.616245	-0.000305692
3.45586e-07	0.616743	0.617155	-0.000333784
3.44092e-07	0.617774	0.618266	-0.000398268
3.42611e-07	0.618751	0.619254	-0.000406709
3.41143e-07	0.619688	0.62033	-0.000517631
3.39687e-07	0.620673	0.621275	-0.000484419
3.38244e-07	0.621439	0.622164	-0.000582979
3.36812e-07	0.622233	0.62302	-0.000631438
3.35393e-07	0.622995	0.623751	-0.000605773
3.33986e-07	0.623726	0.624695	-0.000775477
3.32591e-07	0.625206	0.626083	-0.000701501
3.31207e-07	0.626291	0.627452	-0.000925588
3.29834e-07	0.62812	0.629523	-0.00111567
3.28473e-07	0.623913	0.625407	-0.0011957
3.27123e-07	0.620879	0.622493	-0.00129774
3.25784e-07	0.618666	0.620257	-0.00128394
3.24457e-07	0.61672	0.618343	-0.00131381
3.23139e-07	0.615012	0.616704	-0.0013734
3.21833e-07	0.613777	0.615428	-0.00134296
3.20537e-07	0.612608	0.614306	-0.00138399
3.19251e-07	0.611822	0.61357	-0.00142648
3.17976e-07	0.611267	0.612918	-0.001349
3.16711e-07	0.610766	0.612576	-0.00147957
3.15456e-07	0.610609	0.612283	-0.00136932
3.14211e-07	0.610384	0.612143	-0.00143826
3.12975e-07	0.610258	0.612026	-0.00144715
3.11749e-07	0.610202	0.611877	-0.00137078
3.10533e-07	0.609917	0.611728	-0.00148212
3.09326e-07	0.60972	0.611395	-0.00137192
3.08129e-07	0.60928	0.611026	-0.00143111
3.06941e-07	0.608665	0.610392	-0.00141673
3.05762e-07	0.608011	0.609681	-0.0013717
3.04592e-07	0.607002	0.608714	-0.00140855
3.03431e-07	0.605999	0.607663	-0.00137102
3.02278e-07	0.604842	0.606459	-0.00133526
3.01135e-07	0.603553	0.605217	-0.00137626
3e-07	0.60244	0.603983	-0.00127915
