1.2e-06	0.52527	0.527291	-0.00191992
1.18218e-06	0.548715	0.550742	-0.00184338
1.16488e-06	0.563683	0.565838	-0.00190749
1.14808e-06	0.57047	0.5722	-0.00151336
1.13175e-06	0.568726	0.569948	-0.00107306
1.11589e-06	0.558433	0.559461	-0.000919881
1.10046e-06	0.5409	0.541194	-0.000272068
1.08545e-06	0.516849	0.51559	0.00121953
1.07085e-06	0.486428	0.483186	0.00334287
1.05664e-06	0.452458	0.445545	0.00769775
1.04279e-06	0.424768	0.409934	0.0177722
1.02931e-06	0.432647	0.40508	0.0329078
1.01617e-06	0.487998	0.456073	0.0338157
1.00336e-06	0.48435	0.464917	0.0204722
9.90871e-07	0.426625	0.417819	0.0104282
9.78689e-07	0.363148	0.360428	0.00375936
9.66802e-07	0.304625	0.305422	-0.00130616
9.552e-07	0.251701	0.254409	-0.00535069
9.43874e-07	0.203099	0.207514	-0.0107526
9.32813e-07	0.158607	0.16506	-0.0199381
9.22008e-07	0.11929	0.127821	-0.0345208
9.1145e-07	0.0857467	0.097174	-0.0624716
9.01132e-07	0.0589631	0.0756036	-0.12366
8.91045e-07	0.0419282	0.0678765	-0.236313
8.81181e-07	0.0380495	0.0777921	-0.343077
8.71533e-07	0.0378657	0.0763308	-0.336832
8.62094e-07	0.0372753	0.0633895	-0.259417
8.52857e-07	0.052704	0.0791272	-0.200432
8.43816e-07	0.0779906	0.113236	-0.184313
8.34965e-07	0.0866897	0.114987	-0.140312
8.26298e-07	0.106698	0.120478	-0.0606569
8.17808e-07	0.152154	0.160638	-0.0271227
8.09492e-07	0.21727	0.225996	-0.0196853
8.01342e-07	0.305995	0.31447	-0.0136578
7.93355e-07	0.426411	0.430103	-0.00431002
7.85526e-07	0.424133	0.473772	-0.0552829
7.7785e-07	0.497018	0.548121	-0.0488961
7.70323e-07	0.502849	0.559762	-0.0535596
7.62939e-07	0.511156	0.563287	-0.0485198
7.55696e-07	0.523867	0.567374	-0.0398692
7.48589e-07	0.533017	0.569268	-0.032887
7.41615e-07	0.533762	0.564955	-0.0283903
7.34769e-07	0.526708	0.552323	-0.0237397
7.28049e-07	0.515827	0.532534	-0.0159355
7.2145e-07	0.504681	0.509429	-0.00468164
7.1497e-07	0.494751	0.488233	0.00663083
7.08605e-07	0.4874	0.472482	0.0155413
7.02353e-07	0.484203	0.462981	0.0224053
6.9621e-07	0.485171	0.459802	0.0268467
6.90173e-07	0.488755	0.46289	0.0271798
6.84241e-07	0.49505	0.472222	0.0235998
6.78409e-07	0.504598	0.486507	0.0182533
6.72676e-07	0.515826	0.502834	0.0127534
6.67039e-07	0.527485	0.518986	0.00812154
6.61496e-07	0.540832	0.535635	0.00482813
6.56044e-07	0.556692	0.553819	0.00258713
6.50681e-07	0.575642	0.575522	0.000103771
6.45405e-07	0.585808	0.584798	0.00086219
6.40214e-07	0.577056	0.577092	-3.19401e-05
6.35106e-07	0.573663	0.573833	-0.000148299
6.30079e-07	0.572483	0.573312	-0.000724077
6.25131e-07	0.573385	0.574136	-0.000654926
6.2026e-07	0.575675	0.576167	-0.000427604
6.15464e-07	0.578082	0.579042	-0.00082974
6.10742e-07	0.580877	0.582198	-0.0011356
6.06091e-07	0.584692	0.585551	-0.000733634
6.01511e-07	0.588882	0.589442	-0.000474957
5.97e-07	0.593116	0.593983	-0.000730827
5.92556e-07	0.598064	0.598989	-0.000772274
5.88177e-07	0.603414	0.604214	-0.000662318
5.83863e-07	0.608316	0.609437	-0.000920775
5.79612e-07	0.613159	0.614528	-0.00111508
5.75422e-07	0.618259	0.619411	-0.000930961
5.71292e-07	0.622836	0.623993	-0.000928364
5.67221e-07	0.626735	0.628191	-0.00115954
5.63208e-07	0.630572	0.631975	-0.00111069
5.59251e-07	0.634091	0.635362	-0.00100159
5.55349e-07	0.637263	0.638934	-0.00130917
5.51501e-07	0.641825	0.643374	-0.00120542
5.47706e-07	0.644929	0.646257	-0.00102899
5.43964e-07	0.64712	0.648541	-0.00109691
5.40271e-07	0.648589	0.650377	-0.00137607
5.36629e-07	0.649995	0.651755	-0.00135256
5.33036e-07	0.651067	0.652657	-0.00121925
5.2949e-07	0.651349	0.65309	-0.00133421
5.25991e-07	0.651291	0.653094	-0.0013828
5.22538e-07	0.651158	0.652728	-0.00120361
5.1913e-07	0.650552	0.652047	-0.0011479
5.15767e-07	0.649556	0.651099	-0.00118618
5.12446e-07	0.648569	0.649912	-0.00103425
5.09168e-07	0.647342	0.648498	-0.000892095
5.05932e-07	0.645658	0.64686	-0.000930443
5.02737e-07	0.643873	0.644996	-0.000870904
4.99582e-07	0.641998	0.642903	-0.000704355
4.96466e-07	0.639674	0.640586	-0.000712357
4.93388e-07	0.637094	0.638056	-0.000753696
4.90349e-07	0.634544	0.635332	-0.00062031
4.87347e-07	0.631735	0.632441	-0.000558821
4.84381e-07	0.6286	0.629417	-0.000649222
4.81452e-07	0.625543	0.626298	-0.000602496
4.78557e-07	0.622528	0.623125	-0.000479823
4.75697e-07	0.619282	0.619947	-0.000536252
4.72871e-07	0.616088	0.61681	-0.000585689
4.70079e-07	0.613197	0.613766	-0.000463967
4.67319e-07	0.610345	0.610866	-0.000427235
4.64591e-07	0.607545	0.608164	-0.000509667
4.61896e-07	0.605178	0.605724	-0.000451007
4.59231e-07	0.603252	0.603637	-0.000318683
4.56597e-07	0.601036	0.601321	-0.000237508
4.53992e-07	0.598129	0.598366	-0.000198191
4.51418e-07	0.595504	0.595546	-3.55554e-05
4.48872e-07	0.593142	0.593148	-5.03519e-06
4.46355e-07	0.590935	0.59105	-9.76467e-05
4.43866e-07	0.589156	0.589193	-3.10955e-05
4.41405e-07	0.587614	0.587531	7.03791e-05
4.38971e-07	0.586035	0.58603	3.75772e-06
4.36563e-07	0.584634	0.584658	-2.03416e-05
4.34182e-07	0.583492	0.583384	9.24084e-05
4.31826e-07	0.582301	0.582186	9.85308e-05
4.29496e-07	0.581071	0.581044	2.30442e-05
4.27191e-07	0.580045	0.579944	8.66765e-05
4.24911e-07	0.579062	0.578875	0.000161827
4.22655e-07	0.577943	0.57783	9.78216e-05
4.20423e-07	0.576909	0.576808	8.7698e-05
4.18214e-07	0.576025	0.575812	0.000184584
4.16028e-07	0.575054	0.574849	0.00017883
4.13865e-07	0.574062	0.573927	0.000118309
4.11724e-07	0.573263	0.573056	0.000180583
4.09605e-07	0.572518	0.572247	0.000236781
4.07509e-07	0.571715	0.571511	0.000179217
4.05433e-07	0.571066	0.57086	0.000180448
4.03378e-07	0.570607	0.57031	0.000260582
4.01345e-07	0.570169	0.569883	0.00025127
3.99331e-07	0.56986	0.569613	0.00021636
3.97338e-07	0.569884	0.569589	0.00025834
3.95364e-07	0.570538	0.570173	0.000320007
3.9341e-07	0.570924	0.570649	0.000240634
3.91475e-07	0.573847	0.573398	0.00039122
3.8956e-07	0.578229	0.577846	0.000331689
3.87662e-07	0.579857	0.579414	0.000382289
3.85784e-07	0.58088	0.580393	0.000419043
3.83923e-07	0.5817	0.581074	0.000538108
3.8208e-07	0.582201	0.581577	0.000535687
3.80255e-07	0.582433	0.581965	0.0004015
3.78447e-07	0.582749	0.58227	0.000410876
3.76656e-07	0.583131	0.582501	0.000540323
3.74882e-07	0.58327	0.582655	0.000528107
3.73125e-07	0.583237	0.582722	0.000442422
3.71384e-07	0.583266	0.582693	0.000491435
3.69659e-07	0.583231	0.582565	0.00057117
3.67951e-07	0.582973	0.582336	0.000547071
3.66258e-07	0.582634	0.582012	0.000534547
3.6458e-07	0.582292	0.581609	0.000587105
3.62918e-07	0.581852	0.581152	0.000602085
3.61271e-07	0.581366	0.580676	0.000594105
3.59639e-07	0.58095	0.580223	0.000625661
3.58021e-07	0.580577	0.579843	0.00063266
3.56418e-07	0.580293	0.57959	0.000605656
3.54829e-07	0.580262	0.579534	0.000627578
3.53254e-07	0.580697	0.579932	0.000659132
3.51694e-07	0.581903	0.581043	0.000738994
3.50147e-07	0.583557	0.582807	0.000643034
3.48613e-07	0.585435	0.584993	0.000377814
3.47093e-07	0.586548	0.586262	0.000244225
3.45586e-07	0.587522	0.58739	0.000112747
3.44092e-07	0.588572	0.588472	8.42421e-05
3.42611e-07	0.589615	0.58952	8.11405e-05
3.41143e-07	0.590521	0.590511	8.90631e-06
3.39687e-07	0.591398	0.591412	-1.23042e-05
3.38244e-07	0.592256	0.59219	5.54269e-05
3.36812e-07	0.592866	0.592815	4.29756e-05
3.35393e-07	0.593222	0.59327	-4.08994e-05
3.33986e-07	0.593535	0.593558	-1.90338e-05
3.32591e-07	0.593746	0.593697	4.0685e-05
3.31207e-07	0.593703	0.593733	-2.5382e-05
3.29834e-07	0.593621	0.593735	-9.61775e-05
3.28473e-07	0.593759	0.593804	-3.76461e-05
3.27123e-07	0.594095	0.594098	-2.72371e-06
3.25784e-07	0.595017	0.595011	5.02532e-06
3.24457e-07	0.595607	0.595688	-6.77635e-05
3.23139e-07	0.597227	0.597257	-2.50688e-05
3.21833e-07	0.597226	0.597428	-0.000169441
3.20537e-07	0.595133	0.595385	-0.000211952
3.19251e-07	0.594036	0.594201	-0.000138806
3.17976e-07	0.593373	0.593487	-9.63116e-05
3.16711e-07	0.592926	0.593112	-0.000157076
3.15456e-07	0.592783	0.592987	-0.000171873
3.14211e-07	0.592909	0.593037	-0.000107942
3.12975e-07	0.593059	0.593186	-0.000106645
3.11749e-07	0.593182	0.593358	-0.000148084
3.10533e-07	0.593349	0.593481	-0.000111185
3.09326e-07	0.593424	0.593493	-5.87504e-05
3.08129e-07	0.593249	0.59334	-7.67524e-05
3.06941e-07	0.592894	0.592982	-7.44047e-05
3.05762e-07	0.592392	0.592404	-9.63589e-06
3.04592e-07	0.591628	0.591609	1.65079e-05
3.03431e-07	0.590633	0.590626	6.59666e-06
3.02278e-07	0.589564	0.589502	5.27287e-05
3.01135e-07	0.588433	0.588301	0.000112178
3e-07	0.587233	0.587097	0.000115878
