1.2e-06	0.597371	0.59917	-0.00150341
1.18218e-06	0.614546	0.617363	-0.00228705
1.16488e-06	0.62685	0.629427	-0.00205143
1.14808e-06	0.630792	0.634427	-0.00287232
1.13175e-06	0.627126	0.63132	-0.00333318
1.11589e-06	0.61321	0.618681	-0.00444099
1.10046e-06	0.586166	0.594352	-0.00693444
1.08545e-06	0.543652	0.556124	-0.0113406
1.07085e-06	0.491435	0.515108	-0.0235192
1.05664e-06	0.522803	0.555864	-0.0306497
1.04279e-06	0.613671	0.63546	-0.0174434
1.02931e-06	0.605361	0.616013	-0.00872103
1.01617e-06	0.557828	0.564218	-0.00569486
1.00336e-06	0.501184	0.505814	-0.00459775
9.90871e-07	0.441538	0.444856	-0.00374421
9.78689e-07	0.378665	0.382238	-0.0046961
9.66802e-07	0.316179	0.318826	-0.00416763
9.552e-07	0.252473	0.255937	-0.00681403
9.43874e-07	0.192339	0.195384	-0.00785361
9.32813e-07	0.135507	0.139453	-0.0143534
9.22008e-07	0.0863658	0.0910075	-0.0261692
9.1145e-07	0.048052	0.0542409	-0.0605015
9.01132e-07	0.0292595	0.0382794	-0.133551
8.91045e-07	0.0473813	0.0546448	-0.0711928
8.81181e-07	0.0470607	0.0460806	0.0105227
8.71533e-07	0.0263448	0.0245493	0.0352809
8.62094e-07	0.030542	0.0280259	0.0429611
8.52857e-07	0.0600888	0.0582816	0.0152673
8.43816e-07	0.1259	0.123328	0.0103188
8.34965e-07	0.303893	0.327238	-0.0369887
8.26298e-07	0.317526	0.330055	-0.0193477
8.17808e-07	0.340215	0.35153	-0.0163583
8.09492e-07	0.372489	0.376696	-0.00561563
8.01342e-07	0.398014	0.40362	-0.00699441
7.93355e-07	0.431158	0.431457	-0.000346996
7.85526e-07	0.458387	0.459106	-0.000782992
7.7785e-07	0.488554	0.485606	0.0030266
7.70323e-07	0.51322	0.509894	0.00325064
7.62939e-07	0.535252	0.530529	0.00443127
7.55696e-07	0.551607	0.546229	0.00489851
7.48589e-07	0.561393	0.556495	0.00438153
7.41615e-07	0.565258	0.560829	0.0039331
7.34769e-07	0.559587	0.557864	0.00154225
7.28049e-07	0.545977	0.545027	0.000871076
7.2145e-07	0.521657	0.521234	0.000406256
7.1497e-07	0.491931	0.49069	0.00126286
7.08605e-07	0.463434	0.462041	0.00150521
7.02353e-07	0.44507	0.443212	0.00209138
6.9621e-07	0.446947	0.445536	0.00158045
6.90173e-07	0.460088	0.463388	-0.00357342
6.84241e-07	0.464434	0.468165	-0.00400043
6.78409e-07	0.468354	0.473492	-0.00545497
6.72676e-07	0.477221	0.48235	-0.00534492
6.67039e-07	0.48693	0.492281	-0.0054654
6.61496e-07	0.497317	0.502496	-0.00517932
6.56044e-07	0.507689	0.512801	-0.00500912
6.50681e-07	0.517532	0.522774	-0.00503918
6.45405e-07	0.526972	0.531551	-0.00432601
6.40214e-07	0.534977	0.53889	-0.00364404
6.35106e-07	0.5422	0.545075	-0.00264448
6.30079e-07	0.54823	0.550626	-0.0021804
6.25131e-07	0.553799	0.556069	-0.00204534
6.2026e-07	0.559269	0.561678	-0.00214889
6.15464e-07	0.564731	0.567617	-0.00254869
6.10742e-07	0.570958	0.574203	-0.00283437
6.06091e-07	0.578085	0.581787	-0.00319179
6.01511e-07	0.586132	0.590107	-0.00337901
5.97e-07	0.594276	0.598453	-0.00350194
5.92556e-07	0.604008	0.609123	-0.00421686
5.88177e-07	0.621608	0.624974	-0.00270064
5.83863e-07	0.630445	0.634267	-0.00302183
5.79612e-07	0.638731	0.641922	-0.0024917
5.75422e-07	0.645521	0.648811	-0.0025419
5.71292e-07	0.652189	0.655086	-0.00221659
5.67221e-07	0.657853	0.66076	-0.00220467
5.63208e-07	0.66309	0.665834	-0.00206482
5.59251e-07	0.667627	0.670358	-0.00204062
5.55349e-07	0.671762	0.674432	-0.00198403
5.51501e-07	0.675503	0.678146	-0.00195271
5.47706e-07	0.678965	0.681516	-0.00187508
5.43964e-07	0.681931	0.684499	-0.00187908
5.40271e-07	0.684621	0.687026	-0.00175333
5.36629e-07	0.686574	0.689045	-0.0017963
5.33036e-07	0.688283	0.690531	-0.00162985
5.2949e-07	0.689189	0.691487	-0.00166401
5.25991e-07	0.68986	0.691944	-0.00150817
5.22538e-07	0.689896	0.69195	-0.00148667
5.1913e-07	0.689625	0.691561	-0.00140191
5.15767e-07	0.68903	0.690831	-0.00130536
5.12446e-07	0.688001	0.689808	-0.00131181
5.09168e-07	0.686935	0.688531	-0.00116019
5.05932e-07	0.685354	0.687035	-0.0012245
5.02737e-07	0.683889	0.685354	-0.00107022
4.99582e-07	0.681995	0.683536	-0.00112909
4.96466e-07	0.680243	0.681646	-0.00102962
4.93388e-07	0.678394	0.679782	-0.00102179
4.90349e-07	0.676888	0.678302	-0.00104313
4.87347e-07	0.674974	0.675488	-0.000380563
4.84381e-07	0.667488	0.668328	-0.000628502
4.81452e-07	0.661579	0.662339	-0.000574011
4.78557e-07	0.656433	0.657178	-0.00056685
4.75697e-07	0.651792	0.652464	-0.000515247
4.72871e-07	0.647425	0.648069	-0.00049706
4.70079e-07	0.643316	0.643946	-0.000489633
4.67319e-07	0.639525	0.640082	-0.000435349
4.64591e-07	0.635878	0.636473	-0.000467466
4.61896e-07	0.632621	0.63312	-0.000394076
4.59231e-07	0.629483	0.630026	-0.000431319
4.56597e-07	0.626727	0.627198	-0.000375682
4.53992e-07	0.624158	0.624633	-0.000379926
4.51418e-07	0.621865	0.622324	-0.000368778
4.48872e-07	0.619855	0.620258	-0.000324945
4.46355e-07	0.617979	0.618418	-0.000354721
4.43866e-07	0.616444	0.616789	-0.000280363
4.41405e-07	0.614965	0.615358	-0.000319151
4.38971e-07	0.613802	0.614111	-0.00025125
4.36563e-07	0.612718	0.613037	-0.000259785
4.34182e-07	0.611843	0.612124	-0.000229119
4.31826e-07	0.611134	0.611361	-0.000185692
4.29496e-07	0.610501	0.610742	-0.000197149
4.27191e-07	0.610142	0.610274	-0.000108248
4.24911e-07	0.609821	0.609995	-0.000141905
4.22655e-07	0.610003	0.610034	-2.52515e-05
4.20423e-07	0.611537	0.611468	5.61328e-05
4.18214e-07	0.614064	0.613568	0.000403902
4.16028e-07	0.619995	0.619826	0.000136131
4.13865e-07	0.621772	0.621399	0.000300072
4.11724e-07	0.622389	0.622149	0.000192379
4.09605e-07	0.622888	0.622465	0.000339667
4.07509e-07	0.622823	0.622508	0.000253195
4.05433e-07	0.622845	0.622378	0.000374747
4.03378e-07	0.622506	0.622154	0.000282717
4.01345e-07	0.622421	0.6219	0.000418958
3.99331e-07	0.622046	0.621663	0.000307435
3.97338e-07	0.622059	0.621481	0.000464675
3.95364e-07	0.621815	0.621383	0.000347337
3.9341e-07	0.622012	0.621391	0.000499557
3.91475e-07	0.622024	0.621516	0.000408193
3.8956e-07	0.622402	0.621757	0.000517825
3.87662e-07	0.622702	0.622103	0.000481175
3.85784e-07	0.623184	0.622531	0.000523941
3.83923e-07	0.623699	0.623015	0.000548279
3.8208e-07	0.624181	0.623523	0.00052767
3.80255e-07	0.62476	0.624022	0.000590649
3.78447e-07	0.625155	0.624487	0.000534537
3.76656e-07	0.625655	0.624916	0.000590666
3.74882e-07	0.626161	0.625547	0.000490154
3.73125e-07	0.627207	0.626768	0.000350065
3.71384e-07	0.627573	0.627342	0.000184106
3.69659e-07	0.627734	0.627566	0.000133154
3.67951e-07	0.6277	0.627609	7.23753e-05
3.66258e-07	0.627552	0.627536	1.30598e-05
3.6458e-07	0.627366	0.627402	-2.91634e-05
3.62918e-07	0.627164	0.627262	-7.81298e-05
3.61271e-07	0.627002	0.62717	-0.000133912
3.59639e-07	0.626987	0.627182	-0.000155294
3.58021e-07	0.62706	0.627352	-0.000233327
3.56418e-07	0.627437	0.627728	-0.000232247
3.54829e-07	0.627952	0.62835	-0.000316769
3.53254e-07	0.628846	0.62925	-0.000321124
3.51694e-07	0.629978	0.630459	-0.000381874
3.50147e-07	0.63148	0.63202	-0.000427087
3.48613e-07	0.633458	0.634022	-0.00044485
3.47093e-07	0.636224	0.636919	-0.000546081
3.45586e-07	0.639391	0.640071	-0.000531322
3.44092e-07	0.642014	0.642904	-0.000692241
3.42611e-07	0.638883	0.64	-0.000873059
3.41143e-07	0.637141	0.638353	-0.000949981
3.39687e-07	0.635824	0.637014	-0.000935318
3.38244e-07	0.634506	0.635763	-0.000989704
3.36812e-07	0.633225	0.634499	-0.0010048
3.35393e-07	0.631915	0.633175	-0.000996564
3.33986e-07	0.630427	0.631772	-0.00106552
3.32591e-07	0.629029	0.630289	-0.000999844
3.31207e-07	0.627357	0.628742	-0.00110257
3.29834e-07	0.625891	0.627165	-0.00101695
3.28473e-07	0.624215	0.625599	-0.00110741
3.27123e-07	0.62278	0.62409	-0.00105112
3.25784e-07	0.621337	0.622685	-0.00108382
3.24457e-07	0.620073	0.621428	-0.00109158
3.23139e-07	0.61906	0.620358	-0.00104756
3.21833e-07	0.618116	0.619501	-0.0011188
3.20537e-07	0.61761	0.618867	-0.00101675
3.19251e-07	0.617076	0.618452	-0.00111412
3.17976e-07	0.616999	0.618237	-0.00100211
3.16711e-07	0.616871	0.618194	-0.00107112
3.15456e-07	0.617051	0.618287	-0.00100125
3.14211e-07	0.617247	0.618481	-0.000998534
3.12975e-07	0.617501	0.618734	-0.000997533
3.11749e-07	0.617882	0.619011	-0.000912599
3.10533e-07	0.618093	0.619288	-0.000965564
3.09326e-07	0.618566	0.619554	-0.000798066
3.08129e-07	0.619035	0.619975	-0.000758647
3.06941e-07	0.618233	0.619073	-0.000678661
3.05762e-07	0.617118	0.618047	-0.000751489
3.04592e-07	0.616	0.616888	-0.000720528
3.03431e-07	0.614698	0.615586	-0.000721748
3.02278e-07	0.613229	0.614172	-0.000768616
3.01135e-07	0.611837	0.612699	-0.000703857
3e-07	0.610244	0.611228	-0.000805976
