1.2e-06	0.528227	0.527365	0.000817477
1.18218e-06	0.546485	0.545583	0.000825466
1.16488e-06	0.557983	0.556891	0.000979569
1.14808e-06	0.563594	0.562134	0.00129751
1.13175e-06	0.559678	0.557442	0.00200149
1.11589e-06	0.54612	0.543868	0.00206567
1.10046e-06	0.522637	0.518227	0.00423729
1.08545e-06	0.490126	0.484599	0.00566984
1.07085e-06	0.475716	0.467054	0.00918821
1.05664e-06	0.540057	0.529965	0.00943206
1.04279e-06	0.620481	0.615322	0.00417423
1.02931e-06	0.615429	0.61205	0.00275318
1.01617e-06	0.567915	0.567424	0.000432513
1.00336e-06	0.511377	0.510742	0.000620457
9.90871e-07	0.453106	0.452706	0.000442258
9.78689e-07	0.393257	0.393458	-0.000255646
9.66802e-07	0.335167	0.334681	0.000726153
9.552e-07	0.277353	0.277263	0.000162229
9.43874e-07	0.221502	0.221187	0.000712329
9.32813e-07	0.169798	0.169331	0.00137948
9.22008e-07	0.121738	0.121192	0.00224825
9.1145e-07	0.0810627	0.0806575	0.002506
9.01132e-07	0.0494191	0.0487674	0.006638
8.91045e-07	0.0316006	0.0320241	-0.00665596
8.81181e-07	0.0373803	0.039063	-0.022012
8.71533e-07	0.064535	0.069933	-0.0401434
8.62094e-07	0.057184	0.0608948	-0.0314264
8.52857e-07	0.0273111	0.0300058	-0.0470147
8.43816e-07	0.0198746	0.0214233	-0.0375016
8.34965e-07	0.0323022	0.0325324	-0.00355152
8.26298e-07	0.057196	0.0571407	0.000484002
8.17808e-07	0.0902686	0.0892175	0.00585612
8.09492e-07	0.127364	0.130568	-0.0124228
8.01342e-07	0.195831	0.196894	-0.00270495
7.93355e-07	0.297976	0.312408	-0.0236438
7.85526e-07	0.222797	0.225009	-0.00493931
7.7785e-07	0.379411	0.381932	-0.0033112
7.70323e-07	0.406807	0.411442	-0.00566416
7.62939e-07	0.439077	0.445401	-0.00714972
7.55696e-07	0.463227	0.469403	-0.00662227
7.48589e-07	0.478808	0.489268	-0.010805
7.41615e-07	0.487543	0.503653	-0.0162532
7.34769e-07	0.487804	0.504242	-0.0165698
7.28049e-07	0.477791	0.495593	-0.018289
7.2145e-07	0.464339	0.477373	-0.0138411
7.1497e-07	0.448706	0.454148	-0.0060275
7.08605e-07	0.427724	0.431107	-0.00393909
7.02353e-07	0.407343	0.404285	0.00376737
6.9621e-07	0.38791	0.382174	0.00744827
6.90173e-07	0.371767	0.364174	0.0103179
6.84241e-07	0.366704	0.357085	0.0132901
6.78409e-07	0.370213	0.360825	0.0128423
6.72676e-07	0.381774	0.372705	0.0120205
6.67039e-07	0.400675	0.392263	0.0106087
6.61496e-07	0.42208	0.415472	0.0078896
6.56044e-07	0.447318	0.44256	0.00534632
6.50681e-07	0.477791	0.473338	0.00468167
6.45405e-07	0.494442	0.49183	0.00264824
6.40214e-07	0.496838	0.493416	0.00345609
6.35106e-07	0.499537	0.497381	0.00216287
6.30079e-07	0.503805	0.502307	0.00148843
6.25131e-07	0.508697	0.507522	0.00115605
6.2026e-07	0.513241	0.513722	-0.000468964
6.15464e-07	0.519412	0.519255	0.000151109
6.10742e-07	0.525057	0.525956	-0.000855246
6.06091e-07	0.531045	0.532047	-0.000941687
6.01511e-07	0.538605	0.539646	-0.00096583
5.97e-07	0.54576	0.54709	-0.00121717
5.92556e-07	0.553709	0.555267	-0.00140509
5.88177e-07	0.561522	0.563536	-0.0017902
5.83863e-07	0.568596	0.57153	-0.0025738
5.79612e-07	0.576213	0.579615	-0.00294297
5.75422e-07	0.582923	0.58664	-0.00317744
5.71292e-07	0.58945	0.593741	-0.00362629
5.67221e-07	0.595797	0.599551	-0.0031411
5.63208e-07	0.601043	0.60531	-0.00353712
5.59251e-07	0.606491	0.610182	-0.00303402
5.55349e-07	0.611818	0.615454	-0.00296289
5.51501e-07	0.620449	0.623762	-0.00266316
5.47706e-07	0.625726	0.628448	-0.0021704
5.43964e-07	0.629021	0.631925	-0.00230267
5.40271e-07	0.631882	0.634544	-0.00210223
5.36629e-07	0.634184	0.636777	-0.00203989
5.33036e-07	0.635242	0.637653	-0.0018939
5.2949e-07	0.636031	0.638551	-0.00197708
5.25991e-07	0.636068	0.638286	-0.00174032
5.22538e-07	0.635635	0.63794	-0.00181033
5.1913e-07	0.635019	0.637123	-0.00165363
5.15767e-07	0.633902	0.635921	-0.00158957
5.12446e-07	0.632806	0.634783	-0.00155937
5.09168e-07	0.63134	0.633051	-0.00135324
5.05932e-07	0.629676	0.631541	-0.00147878
5.02737e-07	0.627966	0.62943	-0.0011638
4.99582e-07	0.625752	0.627432	-0.0013404
4.96466e-07	0.623574	0.624989	-0.00113343
4.93388e-07	0.621085	0.622477	-0.00111912
4.90349e-07	0.618281	0.619746	-0.00118293
4.87347e-07	0.615598	0.616812	-0.000985165
4.84381e-07	0.612494	0.613876	-0.00112623
4.81452e-07	0.609451	0.610697	-0.00102073
4.78557e-07	0.606457	0.607684	-0.001011
4.75697e-07	0.603217	0.60448	-0.00104528
4.72871e-07	0.600341	0.601566	-0.00101933
4.70079e-07	0.597447	0.598586	-0.000952007
4.67319e-07	0.594696	0.59599	-0.00108695
4.64591e-07	0.592446	0.59352	-0.000905412
4.61896e-07	0.590355	0.591539	-0.00100204
4.59231e-07	0.58892	0.590065	-0.000971646
4.56597e-07	0.587473	0.588112	-0.000543351
4.53992e-07	0.583211	0.58409	-0.000753634
4.51418e-07	0.57947	0.58006	-0.000508077
4.48872e-07	0.576155	0.576857	-0.000608844
4.46355e-07	0.573399	0.574035	-0.000554773
4.43866e-07	0.571121	0.571659	-0.000470988
4.41405e-07	0.568879	0.569499	-0.000544277
4.38971e-07	0.567072	0.567582	-0.000449399
4.36563e-07	0.565364	0.56588	-0.000456499
4.34182e-07	0.563722	0.564238	-0.00045791
4.31826e-07	0.562366	0.562829	-0.000411587
4.29496e-07	0.560919	0.561363	-0.000395292
4.27191e-07	0.55963	0.560113	-0.000431103
4.24911e-07	0.558422	0.558777	-0.000317137
4.22655e-07	0.557123	0.55758	-0.000410624
4.20423e-07	0.556005	0.556355	-0.000314705
4.18214e-07	0.554822	0.555171	-0.000314587
4.16028e-07	0.553678	0.554065	-0.000349617
4.13865e-07	0.552676	0.552934	-0.000232946
4.11724e-07	0.551615	0.551974	-0.000325293
4.09605e-07	0.550729	0.550977	-0.000224664
4.07509e-07	0.549917	0.550185	-0.000243565
4.05433e-07	0.549151	0.549407	-0.000232958
4.03378e-07	0.548614	0.548815	-0.000182751
4.01345e-07	0.548139	0.548351	-0.000192994
3.99331e-07	0.54788	0.54806	-0.00016413
3.97338e-07	0.547943	0.548085	-0.000128848
3.95364e-07	0.548669	0.548809	-0.000127875
3.9341e-07	0.550237	0.550306	-6.20601e-05
3.91475e-07	0.553753	0.553713	3.54358e-05
3.8956e-07	0.559793	0.559798	-4.91192e-06
3.87662e-07	0.562206	0.56215	4.97474e-05
3.85784e-07	0.56373	0.563547	0.000162744
3.83923e-07	0.56476	0.564581	0.000158393
3.8208e-07	0.565705	0.565716	-9.74073e-06
3.80255e-07	0.566639	0.566418	0.000194604
3.78447e-07	0.567245	0.567043	0.000177443
3.76656e-07	0.56768	0.567703	-2.0046e-05
3.74882e-07	0.568194	0.567901	0.000258448
3.73125e-07	0.56838	0.568265	0.000101532
3.71384e-07	0.568377	0.56828	8.55167e-05
3.69659e-07	0.568444	0.568179	0.000233573
3.67951e-07	0.568191	0.568071	0.000105371
3.66258e-07	0.567829	0.567632	0.000172973
3.6458e-07	0.567529	0.567313	0.000190197
3.62918e-07	0.566988	0.566784	0.00018045
3.61271e-07	0.566471	0.566263	0.000183972
3.59639e-07	0.566059	0.565823	0.000209113
3.58021e-07	0.565564	0.565303	0.000230456
3.56418e-07	0.565234	0.565035	0.000176208
3.54829e-07	0.565097	0.564798	0.000264961
3.53254e-07	0.565047	0.564793	0.000224929
3.51694e-07	0.565452	0.565187	0.000233952
3.50147e-07	0.566162	0.565826	0.000296215
3.48613e-07	0.567178	0.567075	9.10725e-05
3.47093e-07	0.568068	0.567908	0.000140544
3.45586e-07	0.568989	0.568822	0.000146853
3.44092e-07	0.569838	0.569778	5.22308e-05
3.42611e-07	0.570831	0.570692	0.000122527
3.41143e-07	0.571786	0.571711	6.56805e-05
3.39687e-07	0.572584	0.572509	6.49208e-05
3.38244e-07	0.573428	0.573373	4.77315e-05
3.36812e-07	0.574059	0.573988	6.23933e-05
3.35393e-07	0.574516	0.574515	9.06777e-07
3.33986e-07	0.574966	0.574931	3.04108e-05
3.32591e-07	0.575157	0.575124	2.88719e-05
3.31207e-07	0.575334	0.575412	-6.78498e-05
3.29834e-07	0.575594	0.575518	6.59936e-05
3.28473e-07	0.575815	0.575909	-8.24152e-05
3.27123e-07	0.57642	0.576443	-2.0133e-05
3.25784e-07	0.577776	0.577732	3.8041e-05
3.24457e-07	0.579279	0.579409	-0.00011229
3.23139e-07	0.581364	0.58134	2.03174e-05
3.21833e-07	0.580976	0.58114	-0.00014044
3.20537e-07	0.578278	0.578431	-0.00013224
3.19251e-07	0.57663	0.576665	-3.01545e-05
3.17976e-07	0.575283	0.575445	-0.000140582
3.16711e-07	0.574509	0.574566	-4.97298e-05
3.15456e-07	0.573931	0.573983	-4.53863e-05
3.14211e-07	0.573427	0.573531	-9.05327e-05
3.12975e-07	0.573219	0.573229	-8.90824e-06
3.11749e-07	0.572892	0.572932	-3.53478e-05
3.10533e-07	0.572555	0.5726	-3.87401e-05
3.09326e-07	0.572236	0.572213	2.05474e-05
3.08129e-07	0.571615	0.571624	-7.27573e-06
3.06941e-07	0.570937	0.570936	5.9705e-07
3.05762e-07	0.570059	0.569985	6.4962e-05
3.04592e-07	0.568893	0.568888	4.29641e-06
3.03431e-07	0.567692	0.567618	6.54486e-05
3.02278e-07	0.566273	0.566176	8.62861e-05
3.01135e-07	0.564775	0.564742	2.94235e-05
3e-07	0.563335	0.56317	0.000146324
