1.2e-06	0.597943	0.602375	-0.00369276
1.18218e-06	0.603224	0.607719	-0.00371176
1.16488e-06	0.599913	0.604181	-0.00354503
1.14808e-06	0.588675	0.592434	-0.00318252
1.13175e-06	0.57012	0.573209	-0.00270237
1.11589e-06	0.544876	0.547228	-0.00215407
1.10046e-06	0.513907	0.515295	-0.00134784
1.08545e-06	0.479209	0.478778	0.000450278
1.07085e-06	0.445724	0.441292	0.00499628
1.05664e-06	0.427015	0.414071	0.0153901
1.04279e-06	0.453474	0.425905	0.0313512
1.02931e-06	0.520119	0.483279	0.0367148
1.01617e-06	0.507471	0.481711	0.0260417
1.00336e-06	0.424669	0.413756	0.013016
9.90871e-07	0.338971	0.33813	0.00124212
9.78689e-07	0.265881	0.27177	-0.0109532
9.66802e-07	0.205362	0.216229	-0.0257768
9.552e-07	0.156478	0.171559	-0.0459729
9.43874e-07	0.11926	0.138752	-0.0755457
9.32813e-07	0.0946875	0.120193	-0.118694
9.22008e-07	0.0843341	0.120051	-0.174751
9.1145e-07	0.0877846	0.14284	-0.238722
9.01132e-07	0.0911457	0.165048	-0.288463
8.91045e-07	0.110396	0.158512	-0.178928
8.81181e-07	0.175634	0.209877	-0.0888256
8.71533e-07	0.257391	0.293369	-0.0653244
8.62094e-07	0.30579	0.324584	-0.029814
8.52857e-07	0.641055	0.633207	0.00615875
8.43816e-07	0.687119	0.697904	-0.0077864
8.34965e-07	0.682608	0.703487	-0.0150626
8.26298e-07	0.668799	0.69918	-0.0222087
8.17808e-07	0.648316	0.688647	-0.0301658
8.09492e-07	0.623037	0.673541	-0.0389517
8.01342e-07	0.596967	0.656224	-0.0472847
7.93355e-07	0.576433	0.640391	-0.0525616
7.85526e-07	0.56715	0.629972	-0.0524774
7.7785e-07	0.56984	0.626141	-0.047075
7.70323e-07	0.578642	0.625467	-0.0388875
7.62939e-07	0.585854	0.622606	-0.0304123
7.55696e-07	0.587815	0.614603	-0.0222785
7.48589e-07	0.586613	0.603159	-0.0139065
7.41615e-07	0.58798	0.593885	-0.00499605
7.34769e-07	0.596865	0.592394	0.0037598
7.28049e-07	0.613591	0.600131	0.0110899
7.2145e-07	0.635179	0.614068	0.0168994
7.1497e-07	0.65909	0.631795	0.0211447
7.08605e-07	0.678282	0.653177	0.0188552
7.02353e-07	0.675448	0.656781	0.0140118
6.9621e-07	0.653841	0.637444	0.0126982
6.90173e-07	0.644512	0.630469	0.0110145
6.84241e-07	0.638215	0.627025	0.00884446
6.78409e-07	0.633372	0.625484	0.00626646
6.72676e-07	0.629439	0.624247	0.00414172
6.67039e-07	0.626507	0.622886	0.00289871
6.61496e-07	0.624758	0.62241	0.00188279
6.56044e-07	0.623795	0.622994	0.000642636
6.50681e-07	0.623621	0.623906	-0.000228805
6.45405e-07	0.624569	0.62503	-0.000368881
6.40214e-07	0.62639	0.626787	-0.000316193
6.35106e-07	0.62852	0.628978	-0.000364348
6.30079e-07	0.630836	0.631174	-0.000267945
6.25131e-07	0.63347	0.633372	7.69089e-05
6.2026e-07	0.636493	0.63581	0.000536978
6.15464e-07	0.639823	0.638543	0.00100089
6.10742e-07	0.643257	0.64144	0.00141453
6.06091e-07	0.64814	0.646115	0.00156437
6.01511e-07	0.658875	0.656986	0.00143546
5.97e-07	0.663638	0.66214	0.00112994
5.92556e-07	0.667763	0.666595	0.00087517
5.88177e-07	0.671902	0.67099	0.000678624
5.83863e-07	0.67616	0.675481	0.000502404
5.79612e-07	0.68047	0.680067	0.000296052
5.75422e-07	0.684747	0.684661	6.25626e-05
5.71292e-07	0.688898	0.689101	-0.000147215
5.67221e-07	0.692814	0.693236	-0.000304636
5.63208e-07	0.696383	0.696984	-0.000431359
5.59251e-07	0.699549	0.700335	-0.000561174
5.55349e-07	0.702339	0.703337	-0.000710283
5.51501e-07	0.70483	0.706066	-0.000876262
5.47706e-07	0.707091	0.708568	-0.00104296
5.43964e-07	0.709135	0.710819	-0.00118574
5.40271e-07	0.710925	0.712753	-0.00128357
5.36629e-07	0.712406	0.714306	-0.00133185
5.33036e-07	0.713534	0.715455	-0.00134448
5.2949e-07	0.714296	0.716217	-0.001343
5.25991e-07	0.714711	0.716631	-0.00134126
5.22538e-07	0.714824	0.716739	-0.00133749
5.1913e-07	0.714687	0.716574	-0.00131871
5.15767e-07	0.714339	0.71616	-0.00127262
5.12446e-07	0.713803	0.715516	-0.00119838
5.09168e-07	0.713089	0.71467	-0.00110763
5.05932e-07	0.712217	0.713665	-0.00101545
5.02737e-07	0.711276	0.712597	-0.0009278
4.99582e-07	0.710528	0.711646	-0.00078599
4.96466e-07	0.707717	0.708289	-0.000403568
4.93388e-07	0.703912	0.704454	-0.000384826
4.90349e-07	0.700603	0.701085	-0.000343832
4.87347e-07	0.697412	0.697823	-0.000294524
4.84381e-07	0.694249	0.69459	-0.000245864
4.81452e-07	0.691094	0.691377	-0.000205062
4.78557e-07	0.687964	0.688203	-0.000174188
4.75697e-07	0.684891	0.685098	-0.000150736
4.72871e-07	0.681908	0.682087	-0.000131301
4.70079e-07	0.679034	0.67919	-0.000114529
4.67319e-07	0.676283	0.676419	-0.000100764
4.64591e-07	0.673666	0.673786	-8.92763e-05
4.61896e-07	0.671199	0.671301	-7.6258e-05
4.59231e-07	0.668905	0.66898	-5.62093e-05
4.56597e-07	0.666807	0.666842	-2.62206e-05
4.53992e-07	0.664921	0.664907	1.02807e-05
4.51418e-07	0.663246	0.663188	4.39883e-05
4.48872e-07	0.661776	0.66169	6.52135e-05
4.46355e-07	0.660501	0.660407	7.10235e-05
4.43866e-07	0.659417	0.659327	6.88085e-05
4.41405e-07	0.65853	0.658434	7.31566e-05
4.38971e-07	0.657847	0.657719	9.73436e-05
4.36563e-07	0.657373	0.657182	0.000145055
4.34182e-07	0.657122	0.656848	0.000208564
4.31826e-07	0.657141	0.656778	0.000276346
4.29496e-07	0.65864	0.658134	0.000384299
4.27191e-07	0.66187	0.661285	0.000442417
4.24911e-07	0.663782	0.66325	0.000401119
4.22655e-07	0.664344	0.663811	0.000401298
4.20423e-07	0.664398	0.663817	0.000437417
4.18214e-07	0.664196	0.663535	0.000497616
4.16028e-07	0.663852	0.663105	0.000562885
4.13865e-07	0.66342	0.662608	0.000612341
4.11724e-07	0.662931	0.662094	0.000632007
4.09605e-07	0.662411	0.661589	0.000620652
4.07509e-07	0.661884	0.661105	0.000588854
4.05433e-07	0.66138	0.66065	0.000552445
4.03378e-07	0.660928	0.660234	0.000524555
4.01345e-07	0.66055	0.659875	0.000510839
3.99331e-07	0.660267	0.659594	0.000509685
3.97338e-07	0.660098	0.659417	0.000515879
3.95364e-07	0.66006	0.659368	0.000524413
3.9341e-07	0.660168	0.659466	0.000531934
3.91475e-07	0.660426	0.659719	0.000535774
3.8956e-07	0.66083	0.660126	0.000532808
3.87662e-07	0.661377	0.660691	0.000518836
3.85784e-07	0.66214	0.661485	0.000495211
3.83923e-07	0.664096	0.663265	0.000626465
3.8208e-07	0.666273	0.665747	0.00039462
3.80255e-07	0.667753	0.667599	0.00011538
3.78447e-07	0.668629	0.668562	5.04176e-05
3.76656e-07	0.669347	0.669282	4.81578e-05
3.74882e-07	0.669915	0.669834	6.08013e-05
3.73125e-07	0.670308	0.670224	6.2795e-05
3.71384e-07	0.670509	0.670451	4.28057e-05
3.69659e-07	0.67053	0.670528	1.71738e-06
3.67951e-07	0.670412	0.670481	-5.14142e-05
3.66258e-07	0.670211	0.670353	-0.000106023
3.6458e-07	0.669992	0.670202	-0.000156517
3.62918e-07	0.669817	0.670092	-0.000204726
3.61271e-07	0.669743	0.670087	-0.000256922
3.59639e-07	0.669829	0.670255	-0.00031757
3.58021e-07	0.670158	0.670672	-0.000383379
3.56418e-07	0.670871	0.67146	-0.000438777
3.54829e-07	0.672272	0.672907	-0.000472488
3.53254e-07	0.67381	0.674637	-0.00061321
3.51694e-07	0.67428	0.675192	-0.000675611
3.50147e-07	0.67277	0.673548	-0.000577638
3.48613e-07	0.672025	0.672725	-0.000520816
3.47093e-07	0.671596	0.672249	-0.000485363
3.45586e-07	0.67133	0.671959	-0.000468201
3.44092e-07	0.67113	0.671751	-0.000461956
3.42611e-07	0.670932	0.671543	-0.000454995
3.41143e-07	0.670684	0.67127	-0.000436566
3.39687e-07	0.670348	0.670886	-0.000401654
3.38244e-07	0.669896	0.670369	-0.0003528
3.36812e-07	0.669312	0.669712	-0.000298681
3.35393e-07	0.668587	0.668922	-0.000250377
3.33986e-07	0.667726	0.668016	-0.00021676
3.32591e-07	0.666748	0.667016	-0.000200771
3.31207e-07	0.665691	0.665955	-0.000198109
3.29834e-07	0.664608	0.664872	-0.00019893
3.28473e-07	0.663562	0.663817	-0.000192188
3.27123e-07	0.662621	0.662848	-0.000170995
3.25784e-07	0.661847	0.662028	-0.000136739
3.24457e-07	0.661288	0.66142	-9.97556e-05
3.23139e-07	0.660981	0.661081	-7.57061e-05
3.21833e-07	0.66095	0.661055	-7.89054e-05
3.20537e-07	0.661218	0.661371	-0.000116094
3.19251e-07	0.661817	0.662062	-0.000185251
3.17976e-07	0.662842	0.663224	-0.000288036
3.16711e-07	0.663772	0.664613	-0.000632931
3.15456e-07	0.665268	0.665982	-0.000535947
3.14211e-07	0.664938	0.665728	-0.000593681
3.12975e-07	0.664311	0.665076	-0.000575968
3.11749e-07	0.663832	0.664592	-0.00057182
3.10533e-07	0.663307	0.664098	-0.000595897
3.09326e-07	0.662657	0.663512	-0.000644853
3.08129e-07	0.661852	0.662782	-0.00070172
3.06941e-07	0.660891	0.661876	-0.000745003
3.05762e-07	0.65978	0.660784	-0.000759978
3.04592e-07	0.658536	0.659518	-0.000745291
3.03431e-07	0.657266	0.65829	-0.000778903
3.02278e-07	0.65596	0.656974	-0.000772873
3.01135e-07	0.6547	0.655747	-0.000798706
3e-07	0.653367	0.654509	-0.000873803
