1.2e-06	0.507304	0.513422	-0.00599397
1.18218e-06	0.533315	0.539638	-0.00589277
1.16488e-06	0.550877	0.558141	-0.00655022
1.14808e-06	0.558684	0.567367	-0.00771101
1.13175e-06	0.557164	0.566344	-0.00817015
1.11589e-06	0.544453	0.55464	-0.00926829
1.10046e-06	0.520054	0.532524	-0.0118467
1.08545e-06	0.48727	0.50204	-0.0149303
1.07085e-06	0.452918	0.471217	-0.019801
1.05664e-06	0.441644	0.465347	-0.0261335
1.04279e-06	0.499743	0.525491	-0.0251146
1.02931e-06	0.592704	0.61279	-0.0166627
1.01617e-06	0.611284	0.624389	-0.0106055
1.00336e-06	0.564084	0.572563	-0.00745902
9.90871e-07	0.493827	0.499537	-0.00574821
9.78689e-07	0.417462	0.422746	-0.0062888
9.66802e-07	0.341945	0.347452	-0.00798716
9.552e-07	0.270486	0.275702	-0.00955067
9.43874e-07	0.203502	0.209154	-0.0136952
9.32813e-07	0.143643	0.14988	-0.0212475
9.22008e-07	0.0948654	0.100675	-0.0297092
9.1145e-07	0.0604372	0.0654355	-0.0397087
9.01132e-07	0.0474353	0.0501541	-0.0278599
8.91045e-07	0.0673054	0.0628276	0.0344098
8.81181e-07	0.107146	0.0891425	0.0917189
8.71533e-07	0.0904039	0.068097	0.140737
8.62094e-07	0.058238	0.0436226	0.143485
8.52857e-07	0.0564485	0.0520297	0.0407347
8.43816e-07	0.0788573	0.078519	0.00214947
8.34965e-07	0.136434	0.133559	0.0106496
8.26298e-07	0.22557	0.226484	-0.00202168
8.17808e-07	0.401942	0.366803	0.0457094
8.09492e-07	0.398461	0.428839	-0.0367197
8.01342e-07	0.413778	0.440728	-0.0315392
7.93355e-07	0.43105	0.453572	-0.0254592
7.85526e-07	0.452827	0.471033	-0.0197065
7.7785e-07	0.481798	0.492014	-0.0104903
7.70323e-07	0.509575	0.513862	-0.00418942
7.62939e-07	0.5318	0.534321	-0.00236528
7.55696e-07	0.552849	0.552187	0.00059927
7.48589e-07	0.571656	0.567033	0.00406041
7.41615e-07	0.583423	0.578411	0.00431389
7.34769e-07	0.589102	0.584915	0.00356618
7.28049e-07	0.589345	0.584168	0.00441151
7.2145e-07	0.581168	0.574563	0.00571519
7.1497e-07	0.565051	0.557545	0.0066858
7.08605e-07	0.545269	0.53755	0.0071283
7.02353e-07	0.526238	0.519782	0.00617161
6.9621e-07	0.513976	0.509377	0.00449477
6.90173e-07	0.513827	0.510065	0.00367449
6.84241e-07	0.526251	0.523034	0.00306637
6.78409e-07	0.549076	0.550793	-0.00156119
6.72676e-07	0.558283	0.559154	-0.000779899
6.67039e-07	0.550674	0.553521	-0.00257777
6.61496e-07	0.551617	0.555109	-0.00315528
6.56044e-07	0.555883	0.559601	-0.0033334
6.50681e-07	0.560429	0.564481	-0.00360175
6.45405e-07	0.564708	0.568639	-0.00346896
6.40214e-07	0.56953	0.57289	-0.00294118
6.35106e-07	0.574392	0.57769	-0.00286271
6.30079e-07	0.579007	0.582445	-0.00295998
6.25131e-07	0.583606	0.586465	-0.00244376
6.2026e-07	0.587952	0.590085	-0.00181009
6.15464e-07	0.591922	0.593905	-0.00167199
6.10742e-07	0.595981	0.598028	-0.00171383
6.06091e-07	0.600511	0.602615	-0.00174868
6.01511e-07	0.605832	0.608075	-0.00184757
5.97e-07	0.612308	0.614606	-0.0018725
5.92556e-07	0.619509	0.621993	-0.00200108
5.88177e-07	0.626842	0.629868	-0.00240819
5.83863e-07	0.634514	0.637896	-0.00265792
5.79612e-07	0.644619	0.648885	-0.00329777
5.75422e-07	0.659018	0.662548	-0.00267101
5.71292e-07	0.66659	0.670156	-0.00266763
5.67221e-07	0.672524	0.675804	-0.00243256
5.63208e-07	0.67742	0.680335	-0.00214724
5.59251e-07	0.681764	0.684102	-0.00171154
5.55349e-07	0.685615	0.687339	-0.00125634
5.51501e-07	0.688802	0.690224	-0.0010314
5.47706e-07	0.691775	0.692844	-0.00077227
5.43964e-07	0.694678	0.695175	-0.000357544
5.40271e-07	0.696923	0.697124	-0.000144126
5.36629e-07	0.69854	0.698595	-3.90438e-05
5.33036e-07	0.699877	0.699539	0.000241163
5.2949e-07	0.700568	0.699967	0.000428823
5.25991e-07	0.700572	0.699944	0.000448242
5.22538e-07	0.700397	0.699566	0.000593302
5.1913e-07	0.69992	0.698929	0.000708215
5.15767e-07	0.698972	0.698102	0.000622775
5.12446e-07	0.697964	0.697114	0.000609323
5.09168e-07	0.696862	0.695958	0.00064862
5.05932e-07	0.695385	0.694618	0.00055236
5.02737e-07	0.69382	0.693081	0.000532802
4.99582e-07	0.692224	0.691359	0.000625488
4.96466e-07	0.6903	0.689481	0.000593616
4.93388e-07	0.688268	0.687491	0.000564632
4.90349e-07	0.686313	0.685436	0.000639327
4.87347e-07	0.684182	0.683367	0.000595762
4.84381e-07	0.682065	0.68135	0.000523976
4.81452e-07	0.680414	0.679535	0.00064615
4.78557e-07	0.679458	0.678439	0.000751022
4.75697e-07	0.675291	0.673984	0.000968419
4.72871e-07	0.668636	0.667736	0.000673117
4.70079e-07	0.66372	0.662913	0.000607916
4.67319e-07	0.659444	0.65871	0.000556681
4.64591e-07	0.655649	0.654931	0.000547374
4.61896e-07	0.652169	0.651488	0.000522442
4.59231e-07	0.648951	0.648336	0.000473936
4.56597e-07	0.6461	0.645456	0.000498736
4.53992e-07	0.643511	0.642838	0.000523142
4.51418e-07	0.641104	0.640475	0.000490852
4.48872e-07	0.639016	0.638363	0.000511291
4.46355e-07	0.637171	0.636485	0.000538364
4.43866e-07	0.635446	0.634819	0.000494087
4.41405e-07	0.633963	0.633331	0.000499097
4.38971e-07	0.632681	0.631992	0.00054464
4.36563e-07	0.631438	0.630779	0.000521951
4.34182e-07	0.630344	0.629675	0.000530674
4.31826e-07	0.629419	0.628671	0.000594505
4.29496e-07	0.628492	0.627758	0.000584264
4.27191e-07	0.627651	0.626929	0.000576155
4.24911e-07	0.626979	0.626175	0.000641638
4.22655e-07	0.626307	0.625493	0.000649956
4.20423e-07	0.625683	0.624888	0.000636182
4.18214e-07	0.625267	0.624377	0.000712044
4.16028e-07	0.624958	0.624007	0.000761455
4.13865e-07	0.624835	0.623906	0.000744265
4.11724e-07	0.626102	0.624946	0.000924532
4.09605e-07	0.627722	0.625972	0.00139564
4.07509e-07	0.633246	0.632108	0.000899045
4.05433e-07	0.634465	0.633489	0.000770193
4.03378e-07	0.635102	0.634122	0.000771419
4.01345e-07	0.635466	0.634375	0.000859351
3.99331e-07	0.635628	0.634464	0.00091671
3.97338e-07	0.635576	0.634522	0.000829439
3.95364e-07	0.635515	0.634598	0.000722193
3.9341e-07	0.635703	0.63469	0.000797677
3.91475e-07	0.635909	0.634803	0.000870019
3.8956e-07	0.635935	0.634962	0.000765485
3.87662e-07	0.636141	0.635191	0.000747604
3.85784e-07	0.636587	0.635491	0.000862191
3.83923e-07	0.636862	0.63583	0.000810725
3.8208e-07	0.637059	0.636164	0.000702984
3.80255e-07	0.637459	0.636455	0.000788293
3.78447e-07	0.637772	0.636684	0.000853605
3.76656e-07	0.63783	0.636841	0.000775992
3.74882e-07	0.637902	0.636913	0.000775853
3.73125e-07	0.637931	0.63688	0.000824046
3.71384e-07	0.637698	0.636722	0.000766111
3.69659e-07	0.637364	0.63644	0.000725255
3.67951e-07	0.637244	0.636274	0.000761597
3.66258e-07	0.637215	0.636299	0.000718667
3.6458e-07	0.637762	0.637152	0.000478638
3.62918e-07	0.637622	0.63715	0.000369894
3.61271e-07	0.637355	0.636965	0.000306227
3.59639e-07	0.637105	0.636763	0.000268815
3.58021e-07	0.636924	0.636642	0.000221827
3.56418e-07	0.636828	0.636656	0.000135376
3.54829e-07	0.63695	0.636834	9.13436e-05
3.53254e-07	0.637295	0.637198	7.62443e-05
3.51694e-07	0.637765	0.637764	6.0454e-07
3.50147e-07	0.638479	0.638537	-4.56748e-05
3.48613e-07	0.639453	0.639503	-3.86776e-05
3.47093e-07	0.640489	0.640637	-0.000115741
3.45586e-07	0.641672	0.641915	-0.000189868
3.44092e-07	0.643105	0.64332	-0.000167234
3.42611e-07	0.644549	0.644856	-0.000237608
3.41143e-07	0.646115	0.646577	-0.000357211
3.39687e-07	0.648619	0.649099	-0.000370069
3.38244e-07	0.650771	0.651452	-0.000522783
3.36812e-07	0.65264	0.653578	-0.000718556
3.35393e-07	0.648903	0.65013	-0.000944656
3.33986e-07	0.646678	0.647868	-0.00091924
3.32591e-07	0.644598	0.645873	-0.000987835
3.31207e-07	0.642612	0.643974	-0.00105822
3.29834e-07	0.640849	0.642121	-0.000990963
3.28473e-07	0.639033	0.640324	-0.00100886
3.27123e-07	0.637251	0.638623	-0.00107526
3.25784e-07	0.635796	0.637069	-0.000999987
3.24457e-07	0.634446	0.635706	-0.00099181
3.23139e-07	0.633156	0.63456	-0.00110743
3.21833e-07	0.632269	0.633635	-0.00107897
3.20537e-07	0.631635	0.63292	-0.00101616
3.19251e-07	0.631029	0.632403	-0.00108723
3.17976e-07	0.630747	0.632073	-0.00105028
3.16711e-07	0.630756	0.631924	-0.000925494
3.15456e-07	0.630699	0.631933	-0.000977135
3.14211e-07	0.630762	0.632055	-0.00102378
3.12975e-07	0.631045	0.632222	-0.000931573
3.11749e-07	0.631153	0.632357	-0.000952937
3.10533e-07	0.631124	0.632395	-0.00100584
3.09326e-07	0.631195	0.632297	-0.000872466
3.08129e-07	0.631049	0.632052	-0.00079425
3.06941e-07	0.630599	0.63167	-0.000848463
3.05762e-07	0.630181	0.631163	-0.000778188
3.04592e-07	0.62966	0.63055	-0.00070673
3.03431e-07	0.628872	0.629865	-0.000789424
3.02278e-07	0.628204	0.629251	-0.000832308
3.01135e-07	0.627471	0.628403	-0.000742269
3e-07	0.625484	0.626516	-0.000824653
