1.2e-06	0.584475	0.585229	-0.000644097
1.18218e-06	0.593012	0.594425	-0.00119039
1.16488e-06	0.594708	0.596144	-0.00120584
1.14808e-06	0.589022	0.589867	-0.000716744
1.13175e-06	0.574402	0.575663	-0.00109695
1.11589e-06	0.550215	0.551931	-0.00155692
1.10046e-06	0.517047	0.518226	-0.00113881
1.08545e-06	0.478912	0.480081	-0.00121858
1.07085e-06	0.460897	0.462557	-0.00179685
1.05664e-06	0.522609	0.523744	-0.00108484
1.04279e-06	0.610589	0.611308	-0.000588527
1.02931e-06	0.611745	0.612961	-0.000993465
1.01617e-06	0.563524	0.565002	-0.00130902
1.00336e-06	0.503212	0.504521	-0.0012991
9.90871e-07	0.440591	0.442161	-0.00177803
9.78689e-07	0.377332	0.379294	-0.002593
9.66802e-07	0.314829	0.316894	-0.00326902
9.552e-07	0.254163	0.25645	-0.00447849
9.43874e-07	0.195701	0.198403	-0.00685674
9.32813e-07	0.141082	0.144282	-0.0112144
9.22008e-07	0.0936073	0.0975534	-0.0206427
9.1145e-07	0.0578837	0.0632269	-0.0441184
9.01132e-07	0.0438091	0.0521295	-0.0867261
8.91045e-07	0.0646939	0.0782895	-0.0950851
8.81181e-07	0.080874	0.0983047	-0.097281
8.71533e-07	0.0494619	0.0601318	-0.0973588
8.62094e-07	0.0209889	0.0270882	-0.126864
8.52857e-07	0.0167672	0.0213831	-0.120994
8.43816e-07	0.0335737	0.0381651	-0.064001
8.34965e-07	0.0701191	0.0741099	-0.0276696
8.26298e-07	0.123548	0.120277	0.0134128
8.17808e-07	0.19178	0.181529	0.0274594
8.09492e-07	0.327479	0.320929	0.0101022
8.01342e-07	0.279209	0.213397	0.133599
7.93355e-07	0.398479	0.409759	-0.0139556
7.85526e-07	0.43069	0.442734	-0.0137895
7.7785e-07	0.461088	0.464064	-0.00321712
7.70323e-07	0.485472	0.484714	0.000780936
7.62939e-07	0.500784	0.501413	-0.000627311
7.55696e-07	0.507396	0.507961	-0.000556121
7.48589e-07	0.505071	0.506605	-0.0015164
7.41615e-07	0.49215	0.491683	0.000474635
7.34769e-07	0.470729	0.466938	0.00404285
7.28049e-07	0.448072	0.441587	0.00728951
7.2145e-07	0.429161	0.416846	0.014557
7.1497e-07	0.413293	0.395068	0.0225461
7.08605e-07	0.39922	0.380151	0.0244665
7.02353e-07	0.389177	0.372478	0.021925
6.9621e-07	0.38706	0.373498	0.0178316
6.90173e-07	0.394152	0.384769	0.0120464
6.84241e-07	0.409248	0.40475	0.00552682
6.78409e-07	0.431153	0.430518	0.000736762
6.72676e-07	0.458667	0.459789	-0.00122137
6.67039e-07	0.492635	0.494165	-0.0015509
6.61496e-07	0.51348	0.516549	-0.002979
6.56044e-07	0.521947	0.524788	-0.00271354
6.50681e-07	0.523746	0.525646	-0.00181119
6.45405e-07	0.527011	0.528285	-0.00120754
6.40214e-07	0.530259	0.531519	-0.00118715
6.35106e-07	0.533918	0.535071	-0.00107857
6.30079e-07	0.537547	0.538691	-0.00106334
6.25131e-07	0.540715	0.54237	-0.00152791
6.2026e-07	0.544252	0.546245	-0.00182782
6.15464e-07	0.548312	0.550312	-0.00182067
6.10742e-07	0.552147	0.55459	-0.00220749
6.06091e-07	0.556246	0.559304	-0.00274171
6.01511e-07	0.561756	0.564704	-0.0026169
5.97e-07	0.568328	0.570825	-0.0021919
5.92556e-07	0.574883	0.577349	-0.00213993
5.88177e-07	0.581397	0.583895	-0.00214288
5.83863e-07	0.588191	0.590504	-0.00196251
5.79612e-07	0.594825	0.59707	-0.00188308
5.75422e-07	0.601054	0.603281	-0.00184911
5.71292e-07	0.607195	0.609187	-0.00163807
5.67221e-07	0.614849	0.616639	-0.00145386
5.63208e-07	0.623296	0.6243	-0.000804797
5.59251e-07	0.627974	0.628993	-0.000810277
5.55349e-07	0.631774	0.632875	-0.000870723
5.51501e-07	0.635036	0.635862	-0.000649646
5.47706e-07	0.637877	0.638621	-0.00058288
5.43964e-07	0.640512	0.641212	-0.000546181
5.40271e-07	0.642726	0.643184	-0.000356702
5.36629e-07	0.644194	0.64466	-0.000361343
5.33036e-07	0.645151	0.645703	-0.000427367
5.2949e-07	0.645784	0.6461	-0.000244794
5.25991e-07	0.645765	0.645938	-0.000133863
5.22538e-07	0.645103	0.645478	-0.000289955
5.1913e-07	0.644323	0.644733	-0.000317568
5.15767e-07	0.643458	0.643646	-0.000145824
5.12446e-07	0.642143	0.642387	-0.000189807
5.09168e-07	0.640558	0.641034	-0.000371697
5.05932e-07	0.639036	0.639403	-0.000287464
5.02737e-07	0.637303	0.637515	-0.000166703
4.99582e-07	0.635123	0.635534	-0.000323396
4.96466e-07	0.632818	0.633311	-0.000389104
4.93388e-07	0.630493	0.630765	-0.000215942
4.90349e-07	0.627835	0.628133	-0.000237236
4.87347e-07	0.62491	0.625395	-0.000387789
4.84381e-07	0.62205	0.622402	-0.000282387
4.81452e-07	0.619165	0.61939	-0.000181267
4.78557e-07	0.616108	0.616491	-0.000310297
4.75697e-07	0.613176	0.613541	-0.000297754
4.72871e-07	0.610547	0.610717	-0.000139541
4.70079e-07	0.608105	0.608349	-0.000200547
4.67319e-07	0.605307	0.605293	1.14322e-05
4.64591e-07	0.601168	0.601237	-5.75118e-05
4.61896e-07	0.596937	0.596936	1.02386e-06
4.59231e-07	0.593246	0.593309	-5.3236e-05
4.56597e-07	0.589934	0.590004	-5.93692e-05
4.53992e-07	0.587106	0.587123	-1.42774e-05
4.51418e-07	0.584552	0.584593	-3.43333e-05
4.48872e-07	0.58216	0.582221	-5.18863e-05
4.46355e-07	0.580093	0.580123	-2.53321e-05
4.43866e-07	0.578317	0.578336	-1.63373e-05
4.41405e-07	0.576629	0.576654	-2.1194e-05
4.38971e-07	0.575089	0.575111	-1.92877e-05
4.36563e-07	0.573805	0.573819	-1.19398e-05
4.34182e-07	0.572616	0.572604	1.07631e-05
4.31826e-07	0.571429	0.571412	1.4418e-05
4.29496e-07	0.570383	0.570385	-2.27102e-06
4.27191e-07	0.569467	0.569433	2.99298e-05
4.24911e-07	0.568518	0.568443	6.53845e-05
4.22655e-07	0.567595	0.567556	3.497e-05
4.20423e-07	0.566826	0.566776	4.37891e-05
4.18214e-07	0.5661	0.565972	0.000113298
4.16028e-07	0.565353	0.565235	0.000104363
4.13865e-07	0.564738	0.564651	7.7093e-05
4.11724e-07	0.564284	0.564113	0.000151743
4.09605e-07	0.563884	0.563668	0.000191921
4.07509e-07	0.56368	0.563493	0.000165964
4.05433e-07	0.564157	0.56397	0.000166375
4.03378e-07	0.565173	0.564799	0.00033087
4.01345e-07	0.566505	0.566331	0.000152922
3.99331e-07	0.574115	0.573357	0.00066019
3.97338e-07	0.576524	0.575886	0.000553385
3.95364e-07	0.57764	0.577084	0.000481667
3.9341e-07	0.578239	0.577949	0.000250243
3.91475e-07	0.578886	0.578667	0.000188474
3.8956e-07	0.579702	0.579219	0.000416847
3.87662e-07	0.580419	0.579931	0.000420128
3.85784e-07	0.580976	0.580599	0.000324282
3.83923e-07	0.58158	0.581207	0.000320899
3.8208e-07	0.582294	0.581936	0.000307749
3.80255e-07	0.583	0.582587	0.00035435
3.78447e-07	0.583603	0.583133	0.000402381
3.76656e-07	0.584073	0.583678	0.000338697
3.74882e-07	0.584443	0.584098	0.00029565
3.73125e-07	0.584773	0.584363	0.000350816
3.71384e-07	0.584989	0.584517	0.000403209
3.69659e-07	0.584947	0.584528	0.00035882
3.67951e-07	0.58473	0.584398	0.000283703
3.66258e-07	0.58453	0.584143	0.000330915
3.6458e-07	0.584282	0.58381	0.000404031
3.62918e-07	0.583848	0.583473	0.000321421
3.61271e-07	0.583575	0.583304	0.000232334
3.59639e-07	0.583607	0.583182	0.00036455
3.58021e-07	0.584007	0.583541	0.000399191
3.56418e-07	0.584619	0.584461	0.000135233
3.54829e-07	0.584819	0.584707	9.59132e-05
3.53254e-07	0.585254	0.585118	0.000115571
3.51694e-07	0.585803	0.585638	0.000140614
3.50147e-07	0.5864	0.586318	6.97796e-05
3.48613e-07	0.587253	0.587233	1.68643e-05
3.47093e-07	0.588383	0.588313	5.87765e-05
3.45586e-07	0.589543	0.589456	7.34772e-05
3.44092e-07	0.590696	0.590724	-2.3569e-05
3.42611e-07	0.591996	0.592074	-6.57636e-05
3.41143e-07	0.593357	0.593334	1.93687e-05
3.39687e-07	0.594561	0.59458	-1.63084e-05
3.38244e-07	0.595672	0.595847	-0.000146589
3.36812e-07	0.596866	0.596979	-9.48258e-05
3.35393e-07	0.598118	0.598145	-2.19207e-05
3.33986e-07	0.59974	0.599891	-0.000125235
3.32591e-07	0.600849	0.601048	-0.000166003
3.31207e-07	0.60215	0.602222	-5.9624e-05
3.29834e-07	0.604768	0.605427	-0.000544987
3.28473e-07	0.600132	0.600453	-0.000267439
3.27123e-07	0.596907	0.597299	-0.000327654
3.25784e-07	0.594393	0.594808	-0.000349031
3.24457e-07	0.592329	0.592722	-0.000331422
3.23139e-07	0.590551	0.590934	-0.000324352
3.21833e-07	0.589074	0.589495	-0.000357
3.20537e-07	0.587951	0.588372	-0.000357464
3.19251e-07	0.587124	0.587502	-0.000321663
3.17976e-07	0.586515	0.586906	-0.000333191
3.16711e-07	0.586126	0.586549	-0.000360765
3.15456e-07	0.585958	0.586348	-0.000333217
3.14211e-07	0.585908	0.586263	-0.000302891
3.12975e-07	0.58587	0.586249	-0.000323748
3.11749e-07	0.585831	0.586227	-0.000338094
3.10533e-07	0.585778	0.586131	-0.000300502
3.09326e-07	0.585601	0.585926	-0.000276709
3.08129e-07	0.585221	0.585584	-0.000309669
3.06941e-07	0.584681	0.585048	-0.000314149
3.05762e-07	0.583997	0.584303	-0.000262099
3.04592e-07	0.583091	0.583396	-0.000261875
3.03431e-07	0.581972	0.582328	-0.000305634
3.02278e-07	0.580786	0.581112	-0.000280947
3.01135e-07	0.579595	0.579875	-0.000241927
3e-07	0.578372	0.578688	-0.000272566
