1.2e-06	0.554326	0.558335	-0.00360352
1.18218e-06	0.570293	0.574915	-0.00403655
1.16488e-06	0.577115	0.582006	-0.00421963
1.14808e-06	0.574503	0.579758	-0.00455246
1.13175e-06	0.562326	0.567398	-0.00448935
1.11589e-06	0.540593	0.545758	-0.00475478
1.10046e-06	0.510052	0.515066	-0.00489078
1.08545e-06	0.474279	0.479561	-0.00553725
1.07085e-06	0.445812	0.450702	-0.00545424
1.05664e-06	0.457505	0.461225	-0.00404856
1.04279e-06	0.539379	0.540235	-0.000792995
1.02931e-06	0.614286	0.613898	0.000316345
1.01617e-06	0.600232	0.599845	0.000322366
1.00336e-06	0.532255	0.53348	-0.00114979
9.90871e-07	0.449143	0.451447	-0.00255767
9.78689e-07	0.365078	0.369152	-0.00554837
9.66802e-07	0.284785	0.289924	-0.0089425
9.552e-07	0.210918	0.217264	-0.0148227
9.43874e-07	0.146046	0.152926	-0.0230136
9.32813e-07	0.0930497	0.100414	-0.0380672
9.22008e-07	0.0551904	0.0629203	-0.0654464
9.1145e-07	0.0362548	0.0438697	-0.0950374
9.01132e-07	0.0410489	0.0479587	-0.0776309
8.91045e-07	0.0761615	0.0776317	-0.00955935
8.81181e-07	0.140772	0.126672	0.0527231
8.71533e-07	0.161313	0.126545	0.12078
8.62094e-07	0.121884	0.10688	0.065584
8.52857e-07	0.122197	0.115474	0.0282844
8.43816e-07	0.259015	0.257688	0.00256797
8.34965e-07	0.524855	0.540158	-0.0143686
8.26298e-07	0.519767	0.560384	-0.0376033
8.17808e-07	0.508093	0.552277	-0.0416687
8.09492e-07	0.494913	0.542383	-0.0457632
8.01342e-07	0.486288	0.537428	-0.0499549
7.93355e-07	0.488294	0.532878	-0.0436596
7.85526e-07	0.502709	0.54211	-0.0377108
7.7785e-07	0.526506	0.555142	-0.0264744
7.70323e-07	0.554057	0.575749	-0.0191997
7.62939e-07	0.5799	0.592991	-0.011161
7.55696e-07	0.600234	0.608071	-0.00648608
7.48589e-07	0.612781	0.614317	-0.00125142
7.41615e-07	0.615722	0.613906	0.00147744
7.34769e-07	0.608523	0.602964	0.0045886
7.28049e-07	0.594286	0.585194	0.00770793
7.2145e-07	0.579327	0.564024	0.0133846
7.1497e-07	0.570146	0.549252	0.0186656
7.08605e-07	0.571495	0.547928	0.0210523
7.02353e-07	0.583738	0.561233	0.0196562
6.9621e-07	0.607542	0.589076	0.0154318
6.90173e-07	0.608757	0.598365	0.00860894
6.84241e-07	0.601948	0.597125	0.00402235
6.78409e-07	0.597415	0.594261	0.00264712
6.72676e-07	0.594856	0.592369	0.00209489
6.67039e-07	0.593059	0.590465	0.00219137
6.61496e-07	0.592622	0.589743	0.00243529
6.56044e-07	0.593659	0.591038	0.00221174
6.50681e-07	0.595765	0.593162	0.00218861
6.45405e-07	0.59867	0.595804	0.0023993
6.40214e-07	0.602199	0.599099	0.00258032
6.35106e-07	0.606016	0.60321	0.00232054
6.30079e-07	0.609758	0.607355	0.00197442
6.25131e-07	0.61318	0.611265	0.00156407
6.2026e-07	0.616318	0.6151	0.000989161
6.15464e-07	0.619421	0.619169	0.000202825
6.10742e-07	0.622742	0.623568	-0.000663066
6.06091e-07	0.626719	0.628404	-0.00134186
6.01511e-07	0.631824	0.634155	-0.00184193
5.97e-07	0.637946	0.640746	-0.00218954
5.92556e-07	0.651409	0.654725	-0.00253901
5.88177e-07	0.662561	0.666781	-0.00317407
5.83863e-07	0.669809	0.673047	-0.00241074
5.79612e-07	0.676015	0.678986	-0.00219253
5.75422e-07	0.681605	0.684222	-0.00191627
5.71292e-07	0.686716	0.689013	-0.00166999
5.67221e-07	0.691375	0.693711	-0.00168698
5.63208e-07	0.695552	0.697668	-0.00151887
5.59251e-07	0.699241	0.701625	-0.00170172
5.55349e-07	0.702501	0.70482	-0.00164789
5.51501e-07	0.705424	0.70808	-0.00187917
5.47706e-07	0.708081	0.710739	-0.00187287
5.43964e-07	0.710489	0.713412	-0.00205276
5.40271e-07	0.712617	0.715493	-0.00201411
5.36629e-07	0.714412	0.717384	-0.0020761
5.33036e-07	0.715813	0.718661	-0.00198592
5.2949e-07	0.716773	0.719629	-0.00198817
5.25991e-07	0.717282	0.720062	-0.00193443
5.22538e-07	0.717375	0.720185	-0.00195479
5.1913e-07	0.717128	0.719907	-0.0019342
5.15767e-07	0.716624	0.71936	-0.00190494
5.12446e-07	0.715922	0.718534	-0.00182078
5.09168e-07	0.715036	0.717468	-0.00169747
5.05932e-07	0.713953	0.716222	-0.00158669
5.02737e-07	0.71266	0.714763	-0.0014732
4.99582e-07	0.711188	0.713239	-0.00143975
4.96466e-07	0.709627	0.711569	-0.00136658
4.93388e-07	0.708156	0.710078	-0.00135579
4.90349e-07	0.707339	0.708851	-0.00106751
4.87347e-07	0.70329	0.704193	-0.000641293
4.84381e-07	0.697596	0.698516	-0.000658797
4.81452e-07	0.693057	0.693828	-0.000556172
4.78557e-07	0.688928	0.689604	-0.000489844
4.75697e-07	0.685046	0.685677	-0.000460657
4.72871e-07	0.681371	0.681952	-0.000426465
4.70079e-07	0.677911	0.678469	-0.000411437
4.67319e-07	0.674674	0.675156	-0.000356843
4.64591e-07	0.671655	0.672096	-0.000328203
4.61896e-07	0.668842	0.669208	-0.00027332
4.59231e-07	0.666234	0.666593	-0.000269656
4.56597e-07	0.66384	0.664159	-0.000240213
4.53992e-07	0.661676	0.662006	-0.000249435
4.51418e-07	0.659751	0.660025	-0.000207358
4.48872e-07	0.658057	0.658311	-0.000193297
4.46355e-07	0.656569	0.656745	-0.000133843
4.43866e-07	0.655263	0.655425	-0.000123571
4.41405e-07	0.65412	0.654231	-8.42113e-05
4.38971e-07	0.65314	0.653261	-9.29416e-05
4.36563e-07	0.652328	0.652399	-5.47263e-05
4.34182e-07	0.651685	0.65174	-4.15079e-05
4.31826e-07	0.651203	0.65117	2.56167e-05
4.29496e-07	0.650866	0.650791	5.74466e-05
4.27191e-07	0.650676	0.650524	0.000117001
4.24911e-07	0.650707	0.650547	0.000122736
4.22655e-07	0.651469	0.651312	0.00012045
4.20423e-07	0.654479	0.654065	0.000316235
4.18214e-07	0.656332	0.655892	0.000335659
4.16028e-07	0.658964	0.658617	0.000263888
4.13865e-07	0.660032	0.659746	0.000216817
4.11724e-07	0.660481	0.660012	0.000355277
4.09605e-07	0.660457	0.660104	0.000267532
4.07509e-07	0.660092	0.659676	0.000315059
4.05433e-07	0.659521	0.659145	0.000285321
4.03378e-07	0.658866	0.658511	0.000268791
4.01345e-07	0.658214	0.657802	0.000313027
3.99331e-07	0.657624	0.657264	0.000274149
3.97338e-07	0.65713	0.656682	0.000340951
3.95364e-07	0.656758	0.656404	0.000269553
3.9341e-07	0.656532	0.656122	0.000312217
3.91475e-07	0.656472	0.656165	0.000233856
3.8956e-07	0.656584	0.656225	0.00027383
3.87662e-07	0.656853	0.656546	0.000234118
3.85784e-07	0.65724	0.656879	0.000274566
3.83923e-07	0.657692	0.657361	0.000251795
3.8208e-07	0.658158	0.657836	0.000245183
3.80255e-07	0.658603	0.658335	0.00020333
3.78447e-07	0.659012	0.65883	0.000138223
3.76656e-07	0.659896	0.659683	0.000161429
3.74882e-07	0.661341	0.660931	0.000310573
3.73125e-07	0.66249	0.662416	5.57742e-05
3.71384e-07	0.662789	0.662959	-0.000128169
3.69659e-07	0.662881	0.663062	-0.000137117
3.67951e-07	0.662853	0.663188	-0.000252051
3.66258e-07	0.662743	0.663052	-0.000233212
3.6458e-07	0.66259	0.663005	-0.000312849
3.62918e-07	0.662437	0.662788	-0.00026519
3.61271e-07	0.662323	0.662743	-0.000316582
3.59639e-07	0.662281	0.662623	-0.00025816
3.58021e-07	0.662344	0.662785	-0.000332656
3.56418e-07	0.662554	0.662955	-0.00030263
3.54829e-07	0.662961	0.663511	-0.00041471
3.53254e-07	0.66362	0.664133	-0.000386063
3.51694e-07	0.664585	0.665237	-0.000490247
3.50147e-07	0.665928	0.66649	-0.000421774
3.48613e-07	0.667981	0.668649	-0.00049956
3.47093e-07	0.670488	0.671458	-0.000722477
3.45586e-07	0.670189	0.671422	-0.000918784
3.44092e-07	0.670431	0.671729	-0.000967468
3.42611e-07	0.668497	0.66993	-0.00107055
3.41143e-07	0.667248	0.668659	-0.00105648
3.39687e-07	0.666176	0.66764	-0.00109718
3.38244e-07	0.665135	0.666487	-0.00101539
3.36812e-07	0.664037	0.66541	-0.00103224
3.35393e-07	0.66283	0.6641	-0.000956799
3.33986e-07	0.661499	0.662828	-0.00100415
3.32591e-07	0.660066	0.661326	-0.000953937
3.31207e-07	0.658579	0.6599	-0.00100182
3.29834e-07	0.657095	0.65831	-0.000923521
3.28473e-07	0.655661	0.656882	-0.00093009
3.27123e-07	0.654314	0.655392	-0.000822833
3.25784e-07	0.653086	0.654167	-0.000827409
3.24457e-07	0.652014	0.652984	-0.000743225
3.23139e-07	0.651142	0.652152	-0.000774681
3.21833e-07	0.65051	0.651422	-0.000699948
3.20537e-07	0.650143	0.651071	-0.000713302
3.19251e-07	0.650036	0.650821	-0.000603344
3.17976e-07	0.650159	0.650922	-0.000586327
3.16711e-07	0.650463	0.651074	-0.000469009
3.15456e-07	0.650901	0.651515	-0.000470988
3.14211e-07	0.651438	0.651936	-0.000382156
3.12975e-07	0.652059	0.652583	-0.000401572
3.11749e-07	0.65279	0.653179	-0.000297354
3.10533e-07	0.653533	0.653898	-0.000279179
3.09326e-07	0.653968	0.65415	-0.000139065
3.08129e-07	0.653825	0.654255	-0.000328667
3.06941e-07	0.652676	0.653199	-0.000400593
3.05762e-07	0.651534	0.652189	-0.000502003
3.04592e-07	0.650273	0.650907	-0.000487263
3.03431e-07	0.648906	0.649647	-0.000570894
3.02278e-07	0.647479	0.648155	-0.000521119
3.01135e-07	0.646042	0.64679	-0.000578301
3e-07	0.644643	0.64531	-0.000517202
