1.2e-06	0.398282	0.399033	-0.000942002
1.18218e-06	0.433318	0.434088	-0.000887766
1.16488e-06	0.468436	0.469746	-0.00139702
1.14808e-06	0.501028	0.502121	-0.00109014
1.13175e-06	0.526923	0.52789	-0.00091679
1.11589e-06	0.543493	0.54466	-0.00107202
1.10046e-06	0.549719	0.550637	-0.000834381
1.08545e-06	0.542753	0.544181	-0.0013139
1.07085e-06	0.522377	0.523962	-0.00151453
1.05664e-06	0.489794	0.490844	-0.00107128
1.04279e-06	0.458004	0.459626	-0.00176786
1.02931e-06	0.489269	0.49145	-0.00222373
1.01617e-06	0.55032	0.552542	-0.00201505
1.00336e-06	0.525349	0.527698	-0.00222984
9.90871e-07	0.467741	0.4693	-0.00166338
9.78689e-07	0.405079	0.406429	-0.00166336
9.66802e-07	0.342941	0.344688	-0.00254096
9.552e-07	0.283624	0.285212	-0.00279111
9.43874e-07	0.226652	0.228627	-0.00433736
9.32813e-07	0.173948	0.175979	-0.00580184
9.22008e-07	0.12701	0.128824	-0.00709087
9.1145e-07	0.0864618	0.0889818	-0.0143636
9.01132e-07	0.0554037	0.0586622	-0.028567
8.91045e-07	0.037227	0.0418419	-0.0583656
8.81181e-07	0.0395052	0.0463553	-0.0797819
8.71533e-07	0.0526088	0.0592186	-0.0591073
8.62094e-07	0.0340313	0.036731	-0.0381516
8.52857e-07	0.0243871	0.0249987	-0.0123825
8.43816e-07	0.0328995	0.0333344	-0.00656636
8.34965e-07	0.0516371	0.0531487	-0.0144255
8.26298e-07	0.06985	0.0724407	-0.0182072
8.17808e-07	0.09779	0.10001	-0.011223
8.09492e-07	0.143052	0.142896	0.000545235
8.01342e-07	0.196668	0.195287	0.00352342
7.93355e-07	0.262492	0.266341	-0.00727772
7.85526e-07	0.188101	0.245749	-0.132877
7.7785e-07	0.32431	0.340855	-0.0248731
7.70323e-07	0.358365	0.381493	-0.0312591
7.62939e-07	0.385706	0.407559	-0.0275488
7.55696e-07	0.418678	0.431475	-0.015053
7.48589e-07	0.446085	0.456738	-0.0117992
7.41615e-07	0.469226	0.481416	-0.0128233
7.34769e-07	0.492428	0.50217	-0.0097951
7.28049e-07	0.508444	0.517728	-0.00904699
7.2145e-07	0.51724	0.528546	-0.0108113
7.1497e-07	0.521801	0.534995	-0.0124848
7.08605e-07	0.520484	0.536265	-0.0149334
7.02353e-07	0.514475	0.531181	-0.0159768
6.9621e-07	0.505319	0.520879	-0.0151625
6.90173e-07	0.49331	0.508297	-0.0149626
6.84241e-07	0.481489	0.495356	-0.0141955
6.78409e-07	0.47367	0.484009	-0.0107963
6.72676e-07	0.470511	0.476606	-0.00643572
6.67039e-07	0.470954	0.473697	-0.00290365
6.61496e-07	0.476397	0.476348	5.20728e-05
6.56044e-07	0.487868	0.485751	0.00217501
6.50681e-07	0.507489	0.502269	0.00516935
6.45405e-07	0.519713	0.514535	0.00500629
6.40214e-07	0.520972	0.514294	0.00645126
6.35106e-07	0.523532	0.517454	0.00583915
6.30079e-07	0.52815	0.522947	0.00494989
6.25131e-07	0.53324	0.529121	0.00387666
6.2026e-07	0.538566	0.535628	0.00273504
6.15464e-07	0.544906	0.542664	0.00206177
6.10742e-07	0.551217	0.550306	0.000826605
6.06091e-07	0.558102	0.558488	-0.000345406
6.01511e-07	0.565972	0.56689	-0.000810404
5.97e-07	0.573887	0.575338	-0.00126202
5.92556e-07	0.58228	0.583906	-0.00139408
5.88177e-07	0.590634	0.592528	-0.00160033
5.83863e-07	0.598355	0.600892	-0.00211597
5.79612e-07	0.606208	0.608822	-0.00215125
5.75422e-07	0.613734	0.616357	-0.00213209
5.71292e-07	0.620975	0.623557	-0.00207509
5.67221e-07	0.628231	0.630475	-0.00178305
5.63208e-07	0.634768	0.637152	-0.00187407
5.59251e-07	0.641153	0.643655	-0.00194773
5.55349e-07	0.648083	0.650389	-0.00177614
5.51501e-07	0.659473	0.66172	-0.00170056
5.47706e-07	0.66577	0.667498	-0.00129599
5.43964e-07	0.67029	0.67222	-0.00143777
5.40271e-07	0.673469	0.67597	-0.00185342
5.36629e-07	0.676253	0.678503	-0.00166056
5.33036e-07	0.678071	0.680171	-0.00154649
5.2949e-07	0.679004	0.681302	-0.00168975
5.25991e-07	0.679641	0.681889	-0.00165107
5.22538e-07	0.679609	0.681883	-0.00166985
5.1913e-07	0.679207	0.681407	-0.0016171
5.15767e-07	0.678589	0.680617	-0.00149219
5.12446e-07	0.677573	0.679565	-0.00146722
5.09168e-07	0.67643	0.678259	-0.0013505
5.05932e-07	0.674996	0.676746	-0.00129459
5.02737e-07	0.673333	0.675058	-0.00127886
4.99582e-07	0.671549	0.673157	-0.00119593
4.96466e-07	0.669419	0.671002	-0.00118078
4.93388e-07	0.667223	0.668645	-0.00106493
4.90349e-07	0.664856	0.666199	-0.00100894
4.87347e-07	0.662245	0.663711	-0.0011055
4.84381e-07	0.659731	0.661126	-0.00105617
4.81452e-07	0.657036	0.658411	-0.00104541
4.78557e-07	0.654332	0.655662	-0.0010152
4.75697e-07	0.651847	0.653042	-0.00091542
4.72871e-07	0.649259	0.650633	-0.00105701
4.70079e-07	0.646987	0.648399	-0.00109031
4.67319e-07	0.645031	0.646333	-0.00100809
4.64591e-07	0.643214	0.644583	-0.00106302
4.61896e-07	0.642181	0.6434	-0.000948075
4.59231e-07	0.641868	0.643198	-0.00103535
4.56597e-07	0.64222	0.643227	-0.000783527
4.53992e-07	0.636501	0.637536	-0.000811763
4.51418e-07	0.631606	0.632302	-0.000550706
4.48872e-07	0.62769	0.628378	-0.000547831
4.46355e-07	0.624555	0.625222	-0.000533908
4.43866e-07	0.621761	0.622514	-0.000605134
4.41405e-07	0.619343	0.620049	-0.000569708
4.38971e-07	0.617256	0.617791	-0.000433034
4.36563e-07	0.615251	0.615792	-0.000439332
4.34182e-07	0.613534	0.614049	-0.000419432
4.31826e-07	0.611904	0.612456	-0.000450459
4.29496e-07	0.610303	0.610895	-0.000485422
4.27191e-07	0.608911	0.609343	-0.000354698
4.24911e-07	0.607453	0.607857	-0.0003325
4.22655e-07	0.606049	0.606474	-0.000350515
4.20423e-07	0.604754	0.605148	-0.000325489
4.18214e-07	0.603343	0.603803	-0.000381346
4.16028e-07	0.602066	0.602432	-0.000303687
4.13865e-07	0.600838	0.601106	-0.000222218
4.11724e-07	0.599574	0.599896	-0.000268365
4.09605e-07	0.598525	0.598804	-0.000233062
4.07509e-07	0.597487	0.597786	-0.000250356
4.05433e-07	0.596527	0.596822	-0.000247168
4.03378e-07	0.595803	0.595959	-0.000131271
4.01345e-07	0.595085	0.595269	-0.000154607
3.99331e-07	0.594599	0.59479	-0.00016032
3.97338e-07	0.594403	0.594535	-0.000111268
3.95364e-07	0.594415	0.594606	-0.0001603
3.9341e-07	0.596432	0.596463	-2.58066e-05
3.91475e-07	0.598924	0.598901	1.9357e-05
3.8956e-07	0.603456	0.603773	-0.000263213
3.87662e-07	0.60535	0.60528	5.82714e-05
3.85784e-07	0.606604	0.606446	0.000129663
3.83923e-07	0.607419	0.607463	-3.63679e-05
3.8208e-07	0.608198	0.608207	-7.10729e-06
3.80255e-07	0.608914	0.608799	9.45485e-05
3.78447e-07	0.609415	0.609343	5.95272e-05
3.76656e-07	0.609648	0.609726	-6.41381e-05
3.74882e-07	0.609819	0.609847	-2.32454e-05
3.73125e-07	0.609903	0.609776	0.000104341
3.71384e-07	0.60961	0.60961	4.59865e-08
3.69659e-07	0.609286	0.609329	-3.54761e-05
3.67951e-07	0.608951	0.608872	6.54626e-05
3.66258e-07	0.608246	0.608262	-1.34358e-05
3.6458e-07	0.607607	0.607584	1.93363e-05
3.62918e-07	0.607007	0.606878	0.000106376
3.61271e-07	0.606139	0.606148	-6.97029e-06
3.59639e-07	0.60548	0.605424	4.67346e-05
3.58021e-07	0.604916	0.604774	0.000118074
3.56418e-07	0.604258	0.604243	1.20556e-05
3.54829e-07	0.603939	0.603847	7.58652e-05
3.53254e-07	0.603779	0.60362	0.000131679
3.51694e-07	0.60397	0.603893	6.37567e-05
3.50147e-07	0.604612	0.604501	9.13257e-05
3.48613e-07	0.60555	0.605576	-2.11673e-05
3.47093e-07	0.606264	0.606317	-4.36717e-05
3.45586e-07	0.607093	0.607068	2.05692e-05
3.44092e-07	0.60785	0.60789	-3.29143e-05
3.42611e-07	0.608632	0.608742	-9.05777e-05
3.41143e-07	0.609414	0.609531	-9.57402e-05
3.39687e-07	0.610051	0.610184	-0.000109563
3.38244e-07	0.610606	0.610705	-8.09818e-05
3.36812e-07	0.611004	0.611128	-0.000101268
3.35393e-07	0.611244	0.61144	-0.000160739
3.33986e-07	0.61135	0.611582	-0.000189354
3.32591e-07	0.61129	0.611536	-0.000200647
3.31207e-07	0.611206	0.611396	-0.000155096
3.29834e-07	0.611091	0.611307	-0.000176177
3.28473e-07	0.611031	0.611364	-0.000271853
3.27123e-07	0.611274	0.611619	-0.000282172
3.25784e-07	0.611891	0.612221	-0.000269727
3.24457e-07	0.61364	0.613939	-0.000243403
3.23139e-07	0.615309	0.615643	-0.00027113
3.21833e-07	0.614892	0.615424	-0.000431841
3.20537e-07	0.612654	0.613157	-0.000410504
3.19251e-07	0.611281	0.611709	-0.000349741
3.17976e-07	0.610173	0.610693	-0.000425879
3.16711e-07	0.609608	0.610014	-0.000333116
3.15456e-07	0.609169	0.609587	-0.000342998
3.14211e-07	0.608757	0.609296	-0.000442606
3.12975e-07	0.608645	0.609037	-0.000322048
3.11749e-07	0.608364	0.608763	-0.000327762
3.10533e-07	0.608015	0.608456	-0.000361831
3.09326e-07	0.607759	0.608077	-0.000261412
3.08129e-07	0.607124	0.607556	-0.0003557
3.06941e-07	0.60642	0.606837	-0.000343579
3.05762e-07	0.605649	0.605915	-0.00021973
3.04592e-07	0.604459	0.604832	-0.000307856
3.03431e-07	0.603327	0.60363	-0.000251012
3.02278e-07	0.602085	0.602334	-0.00020681
3.01135e-07	0.600587	0.600965	-0.000313815
3e-07	0.599352	0.599569	-0.000180803
