1.2e-06	0.509408	0.51623	-0.00665153
1.18218e-06	0.533325	0.540398	-0.00658785
1.16488e-06	0.545639	0.5529	-0.00661008
1.14808e-06	0.546578	0.554347	-0.00705689
1.13175e-06	0.537305	0.544851	-0.00697258
1.11589e-06	0.518996	0.526096	-0.00679339
1.10046e-06	0.493228	0.500296	-0.0071142
1.08545e-06	0.463532	0.470001	-0.00692888
1.07085e-06	0.437212	0.442812	-0.00636346
1.05664e-06	0.427764	0.430265	-0.00291478
1.04279e-06	0.455549	0.453428	0.0023339
1.02931e-06	0.525367	0.518858	0.00623293
1.01617e-06	0.577305	0.568411	0.00776228
1.00336e-06	0.548317	0.541924	0.00586371
9.90871e-07	0.463909	0.460871	0.00328429
9.78689e-07	0.367564	0.367426	0.000188136
9.66802e-07	0.278688	0.281765	-0.00549011
9.552e-07	0.20355	0.208073	-0.0109878
9.43874e-07	0.144286	0.149693	-0.018391
9.32813e-07	0.101772	0.106783	-0.0240277
9.22008e-07	0.07722	0.0810837	-0.024407
9.1145e-07	0.0732922	0.0742808	-0.00669966
9.01132e-07	0.0939042	0.0861278	0.0431944
8.91045e-07	0.137087	0.110728	0.106365
8.81181e-07	0.151038	0.107246	0.169553
8.71533e-07	0.136295	0.116972	0.076294
8.62094e-07	0.181569	0.184451	-0.00787338
8.52857e-07	0.253752	0.264006	-0.0198052
8.43816e-07	0.297784	0.310126	-0.0203023
8.34965e-07	0.613682	0.612759	0.000752027
8.26298e-07	0.62331	0.65146	-0.0220825
8.17808e-07	0.615839	0.655692	-0.0313419
8.09492e-07	0.602608	0.645287	-0.0342006
8.01342e-07	0.582659	0.634568	-0.0426447
7.93355e-07	0.559488	0.624676	-0.0550497
7.85526e-07	0.541314	0.608806	-0.0586822
7.7785e-07	0.536914	0.603561	-0.0584379
7.70323e-07	0.548706	0.606987	-0.0504301
7.62939e-07	0.570441	0.614662	-0.0373146
7.55696e-07	0.593288	0.628304	-0.0286642
7.48589e-07	0.611373	0.636103	-0.019824
7.41615e-07	0.621573	0.63776	-0.0128536
7.34769e-07	0.622635	0.631966	-0.00743708
7.28049e-07	0.616727	0.61668	3.8424e-05
7.2145e-07	0.609935	0.601422	0.00702783
7.1497e-07	0.608819	0.591091	0.0147743
7.08605e-07	0.616797	0.592965	0.0196998
7.02353e-07	0.63283	0.607624	0.0203193
6.9621e-07	0.658276	0.634243	0.0185942
6.90173e-07	0.660655	0.645285	0.0117695
6.84241e-07	0.651668	0.642636	0.0069783
6.78409e-07	0.644589	0.637345	0.00565066
6.72676e-07	0.63988	0.63426	0.00441089
6.67039e-07	0.635615	0.630046	0.00440007
6.61496e-07	0.632523	0.626754	0.00458169
6.56044e-07	0.631099	0.624949	0.00489664
6.50681e-07	0.630757	0.62373	0.00560095
6.45405e-07	0.63088	0.623421	0.00594696
6.40214e-07	0.631626	0.623699	0.00631543
6.35106e-07	0.633335	0.625847	0.00594668
6.30079e-07	0.635526	0.628677	0.005418
6.25131e-07	0.637599	0.631203	0.0050408
6.2026e-07	0.639605	0.634319	0.00414936
6.15464e-07	0.641797	0.637592	0.00328624
6.10742e-07	0.644302	0.641368	0.0022826
6.06091e-07	0.647219	0.645316	0.00147217
6.01511e-07	0.650749	0.649472	0.000982212
5.97e-07	0.65501	0.654481	0.000404072
5.92556e-07	0.664431	0.665329	-0.00067514
5.88177e-07	0.674675	0.676597	-0.00142249
5.83863e-07	0.681062	0.683049	-0.00145639
5.79612e-07	0.68661	0.687881	-0.000924299
5.75422e-07	0.691597	0.692962	-0.000985857
5.71292e-07	0.696076	0.697619	-0.00110735
5.67221e-07	0.700077	0.701537	-0.00104171
5.63208e-07	0.703699	0.705487	-0.00126904
5.59251e-07	0.707057	0.708936	-0.00132668
5.55349e-07	0.710157	0.711912	-0.00123391
5.51501e-07	0.712908	0.714822	-0.00134038
5.47706e-07	0.715286	0.717365	-0.0014514
5.43964e-07	0.717397	0.719596	-0.00152987
5.40271e-07	0.719312	0.721612	-0.00159608
5.36629e-07	0.720912	0.723098	-0.00151372
5.33036e-07	0.722005	0.72414	-0.00147588
5.2949e-07	0.722568	0.724815	-0.00155266
5.25991e-07	0.722771	0.724976	-0.00152272
5.22538e-07	0.722766	0.724867	-0.00145106
5.1913e-07	0.722533	0.724486	-0.00134952
5.15767e-07	0.722002	0.723799	-0.00124247
5.12446e-07	0.721215	0.723008	-0.0012414
5.09168e-07	0.720291	0.72198	-0.0011716
5.05932e-07	0.719273	0.720782	-0.00104819
5.02737e-07	0.71811	0.719501	-0.00096763
4.99582e-07	0.716775	0.718004	-0.000856342
4.96466e-07	0.715336	0.71649	-0.000806531
4.93388e-07	0.713917	0.715	-0.000757689
4.90349e-07	0.712881	0.713682	-0.000561907
4.87347e-07	0.709757	0.710116	-0.000253286
4.84381e-07	0.704666	0.705034	-0.00026079
4.81452e-07	0.70063	0.700888	-0.000183589
4.78557e-07	0.696964	0.697052	-6.31335e-05
4.75697e-07	0.693454	0.693507	-3.84084e-05
4.72871e-07	0.690063	0.690089	-1.89529e-05
4.70079e-07	0.68686	0.686872	-8.44839e-06
4.67319e-07	0.683881	0.683826	4.00094e-05
4.64591e-07	0.681082	0.680941	0.00010345
4.61896e-07	0.678424	0.678284	0.000103254
4.59231e-07	0.675946	0.675785	0.000119615
4.56597e-07	0.673709	0.673523	0.000137737
4.53992e-07	0.671704	0.671459	0.000182565
4.51418e-07	0.669878	0.66958	0.00022296
4.48872e-07	0.668215	0.667938	0.000207743
4.46355e-07	0.666748	0.666428	0.000240185
4.43866e-07	0.66549	0.665138	0.000264813
4.41405e-07	0.664399	0.663998	0.000301908
4.38971e-07	0.663434	0.662988	0.000336113
4.36563e-07	0.662605	0.662184	0.000317637
4.34182e-07	0.661935	0.661437	0.00037601
4.31826e-07	0.66141	0.660875	0.000404261
4.29496e-07	0.661	0.660422	0.000436838
4.27191e-07	0.660711	0.660039	0.0005088
4.24911e-07	0.66062	0.659989	0.000477552
4.22655e-07	0.660916	0.660164	0.000569577
4.20423e-07	0.663904	0.662998	0.000683049
4.18214e-07	0.665431	0.664545	0.000665955
4.16028e-07	0.66752	0.666673	0.000634969
4.13865e-07	0.668376	0.66756	0.000610851
4.11724e-07	0.668649	0.667817	0.000622445
4.09605e-07	0.668462	0.667571	0.000666665
4.07509e-07	0.667979	0.667138	0.000629816
4.05433e-07	0.667362	0.666546	0.000611429
4.03378e-07	0.666693	0.665809	0.000663302
4.01345e-07	0.665994	0.665124	0.000653564
3.99331e-07	0.665321	0.664553	0.000577554
3.97338e-07	0.664782	0.663997	0.000591058
3.95364e-07	0.664443	0.663638	0.000605933
3.9341e-07	0.66427	0.663484	0.000591357
3.91475e-07	0.664203	0.663369	0.000628109
3.8956e-07	0.664253	0.663524	0.000548827
3.87662e-07	0.664471	0.66378	0.000519837
3.85784e-07	0.664842	0.664059	0.00058916
3.83923e-07	0.66527	0.664555	0.000538164
3.8208e-07	0.66568	0.66496	0.000541379
3.80255e-07	0.666075	0.6654	0.00050673
3.78447e-07	0.666481	0.665914	0.000425515
3.76656e-07	0.667326	0.666665	0.000495692
3.74882e-07	0.669069	0.668203	0.00064724
3.73125e-07	0.670447	0.670066	0.00028435
3.71384e-07	0.670761	0.670579	0.000135393
3.69659e-07	0.670874	0.670853	1.54999e-05
3.67951e-07	0.670866	0.670806	4.41887e-05
3.66258e-07	0.670743	0.670701	3.16982e-05
3.6458e-07	0.670565	0.670578	-9.63809e-06
3.62918e-07	0.670397	0.670351	3.44792e-05
3.61271e-07	0.670246	0.670211	2.64948e-05
3.59639e-07	0.670106	0.670124	-1.30621e-05
3.58021e-07	0.670041	0.670155	-8.49223e-05
3.56418e-07	0.670163	0.67036	-0.000147263
3.54829e-07	0.670529	0.670764	-0.000175743
3.53254e-07	0.671109	0.671416	-0.000228407
3.51694e-07	0.671897	0.67231	-0.000307465
3.50147e-07	0.672991	0.673557	-0.000420584
3.48613e-07	0.67459	0.675258	-0.000494424
3.47093e-07	0.677119	0.677958	-0.000619241
3.45586e-07	0.676626	0.67768	-0.000778786
3.44092e-07	0.676735	0.677989	-0.000925618
3.42611e-07	0.675295	0.676631	-0.00098816
3.41143e-07	0.674406	0.675703	-0.000960586
3.39687e-07	0.673632	0.674794	-0.000861983
3.38244e-07	0.672755	0.67395	-0.000887297
3.36812e-07	0.671726	0.672896	-0.000870661
3.35393e-07	0.670622	0.671825	-0.000896208
3.33986e-07	0.669481	0.670614	-0.000845886
3.32591e-07	0.66824	0.669242	-0.000748703
3.31207e-07	0.666864	0.667922	-0.0007929
3.29834e-07	0.66544	0.666445	-0.000754632
3.28473e-07	0.664104	0.665073	-0.000728628
3.27123e-07	0.662898	0.663789	-0.000671515
3.25784e-07	0.661789	0.662546	-0.000571056
3.24457e-07	0.660804	0.661634	-0.000627694
3.23139e-07	0.660062	0.660819	-0.000573356
3.21833e-07	0.65964	0.660308	-0.000505774
3.20537e-07	0.659485	0.660096	-0.00046337
3.19251e-07	0.659505	0.659997	-0.000373135
3.17976e-07	0.659707	0.660283	-0.000436886
3.16711e-07	0.660154	0.660644	-0.000370317
3.15456e-07	0.660827	0.66119	-0.000274724
3.14211e-07	0.661596	0.661951	-0.000267559
3.12975e-07	0.662379	0.662654	-0.000207057
3.11749e-07	0.663248	0.663646	-0.000299689
3.10533e-07	0.664376	0.664715	-0.000254603
3.09326e-07	0.664642	0.664982	-0.000256045
3.08129e-07	0.664642	0.665287	-0.000484654
3.06941e-07	0.663287	0.664034	-0.000562946
3.05762e-07	0.662028	0.662922	-0.000674501
3.04592e-07	0.660762	0.661652	-0.000673086
3.03431e-07	0.659396	0.660186	-0.000598145
3.02278e-07	0.657879	0.65886	-0.000745242
3.01135e-07	0.656311	0.657295	-0.000748741
3e-07	0.654872	0.655934	-0.000810603
