1.2e-06	0.522882	0.526249	-0.00320911
1.18218e-06	0.553904	0.557973	-0.0036591
1.16488e-06	0.574914	0.578458	-0.00307265
1.14808e-06	0.58415	0.58793	-0.00322491
1.13175e-06	0.582547	0.586414	-0.00330826
1.11589e-06	0.571769	0.575041	-0.00285239
1.10046e-06	0.551336	0.555021	-0.00333035
1.08545e-06	0.524034	0.527013	-0.00283419
1.07085e-06	0.490586	0.49325	-0.00270721
1.05664e-06	0.453803	0.45568	-0.00206357
1.04279e-06	0.425756	0.425904	-0.000172841
1.02931e-06	0.43626	0.433606	0.00305078
1.01617e-06	0.488851	0.486271	0.00264631
1.00336e-06	0.466556	0.46601	0.000585855
9.90871e-07	0.395402	0.39835	-0.00371452
9.78689e-07	0.327785	0.330653	-0.00435574
9.66802e-07	0.269146	0.273141	-0.00736746
9.552e-07	0.218972	0.222675	-0.0083851
9.43874e-07	0.177864	0.181436	-0.00994283
9.32813e-07	0.144577	0.147261	-0.00919703
9.22008e-07	0.121935	0.123496	-0.00636289
9.1145e-07	0.111631	0.109151	0.0112339
9.01132e-07	0.115018	0.104884	0.0460834
8.91045e-07	0.109634	0.0881061	0.108869
8.81181e-07	0.0843222	0.0765367	0.0483997
8.71533e-07	0.105455	0.107893	-0.011429
8.62094e-07	0.152589	0.161753	-0.0291513
8.52857e-07	0.22452	0.23597	-0.0248655
8.43816e-07	0.333534	0.344751	-0.0165381
8.34965e-07	0.631852	0.619648	0.00975122
8.26298e-07	0.635907	0.640046	-0.00324388
8.17808e-07	0.624248	0.639964	-0.0124318
8.09492e-07	0.606863	0.630089	-0.0187764
8.01342e-07	0.590531	0.62211	-0.026041
7.93355e-07	0.572408	0.607618	-0.0298386
7.85526e-07	0.556394	0.599136	-0.0369886
7.7785e-07	0.555313	0.594634	-0.0341931
7.70323e-07	0.563192	0.599869	-0.0315352
7.62939e-07	0.577312	0.609343	-0.026993
7.55696e-07	0.596182	0.620828	-0.0202513
7.48589e-07	0.606931	0.627736	-0.0168503
7.41615e-07	0.610119	0.627932	-0.014388
7.34769e-07	0.606314	0.619431	-0.0107011
7.28049e-07	0.59375	0.604119	-0.00865622
7.2145e-07	0.583385	0.587314	-0.00335626
7.1497e-07	0.580681	0.575937	0.00410172
7.08605e-07	0.588138	0.577065	0.00950293
7.02353e-07	0.606877	0.590043	0.0140638
6.9621e-07	0.63597	0.618089	0.0142589
6.90173e-07	0.648139	0.63399	0.0110352
6.84241e-07	0.637868	0.628187	0.00764704
6.78409e-07	0.626233	0.619014	0.0057975
6.72676e-07	0.619381	0.614084	0.00429406
6.67039e-07	0.613464	0.608876	0.0037532
6.61496e-07	0.607505	0.604735	0.00228513
6.56044e-07	0.60404	0.601209	0.00234916
6.50681e-07	0.601755	0.60046	0.00107755
6.45405e-07	0.601424	0.600261	0.000967061
6.40214e-07	0.602252	0.601003	0.00103828
6.35106e-07	0.603273	0.60214	0.000939237
6.30079e-07	0.606024	0.604847	0.00097199
6.25131e-07	0.608968	0.607863	0.000907696
6.2026e-07	0.612093	0.611305	0.000643989
6.15464e-07	0.61621	0.614889	0.00107281
6.10742e-07	0.620181	0.619009	0.000946255
6.06091e-07	0.624908	0.623681	0.000982372
6.01511e-07	0.630132	0.628751	0.00109726
5.97e-07	0.635261	0.634418	0.000664491
5.92556e-07	0.64362	0.642795	0.00064122
5.88177e-07	0.65427	0.653128	0.000873856
5.83863e-07	0.659979	0.658915	0.000806788
5.79612e-07	0.665382	0.664968	0.000311033
5.75422e-07	0.670474	0.66994	0.000398693
5.71292e-07	0.674969	0.674747	0.000163942
5.67221e-07	0.678862	0.679075	-0.000156767
5.63208e-07	0.682531	0.682808	-0.000203237
5.59251e-07	0.685748	0.686243	-0.000360411
5.55349e-07	0.688445	0.689192	-0.000541937
5.51501e-07	0.691245	0.691942	-0.00050378
5.47706e-07	0.693713	0.694505	-0.000570187
5.43964e-07	0.695875	0.696736	-0.000618614
5.40271e-07	0.697987	0.698789	-0.000573932
5.36629e-07	0.69948	0.70026	-0.000557316
5.33036e-07	0.700645	0.70149	-0.000602452
5.2949e-07	0.701486	0.702095	-0.000434153
5.25991e-07	0.701759	0.702501	-0.00052833
5.22538e-07	0.701879	0.702414	-0.000381032
5.1913e-07	0.701647	0.702193	-0.000388575
5.15767e-07	0.701123	0.701623	-0.000356323
5.12446e-07	0.700507	0.700927	-0.000299621
5.09168e-07	0.699547	0.699965	-0.000298734
5.05932e-07	0.698454	0.698841	-0.000276793
5.02737e-07	0.697174	0.697498	-0.000231697
4.99582e-07	0.695618	0.695976	-0.000256916
4.96466e-07	0.694024	0.694293	-0.000194141
4.93388e-07	0.692233	0.692514	-0.000202626
4.90349e-07	0.690497	0.690736	-0.000172677
4.87347e-07	0.688141	0.687907	0.000169861
4.84381e-07	0.683712	0.683638	5.44593e-05
4.81452e-07	0.679703	0.679567	0.000100365
4.78557e-07	0.67597	0.675903	4.96472e-05
4.75697e-07	0.672456	0.672338	8.76033e-05
4.72871e-07	0.669086	0.668975	8.25338e-05
4.70079e-07	0.665821	0.665695	9.4555e-05
4.67319e-07	0.662747	0.662616	9.93912e-05
4.64591e-07	0.659817	0.659652	0.000125072
4.61896e-07	0.657054	0.656908	0.000111249
4.59231e-07	0.654508	0.65431	0.000151579
4.56597e-07	0.652127	0.651946	0.000139229
4.53992e-07	0.649963	0.649745	0.000167537
4.51418e-07	0.648003	0.647778	0.000173743
4.48872e-07	0.646218	0.645971	0.000191697
4.46355e-07	0.64464	0.644381	0.000201291
4.43866e-07	0.643228	0.642935	0.000227896
4.41405e-07	0.641981	0.641686	0.000230127
4.38971e-07	0.640899	0.640558	0.000265772
4.36563e-07	0.639952	0.639606	0.000270174
4.34182e-07	0.639142	0.63875	0.000307107
4.31826e-07	0.638457	0.638049	0.000319869
4.29496e-07	0.637885	0.637423	0.000362448
4.27191e-07	0.637436	0.636947	0.000383029
4.24911e-07	0.637144	0.636583	0.000440848
4.22655e-07	0.637201	0.63657	0.000495938
4.20423e-07	0.638406	0.637678	0.000570326
4.18214e-07	0.640428	0.639544	0.000690603
4.16028e-07	0.644349	0.643497	0.000661411
4.13865e-07	0.64515	0.644413	0.000571266
4.11724e-07	0.645368	0.644421	0.000734515
4.09605e-07	0.645141	0.644258	0.000684993
4.07509e-07	0.644856	0.644115	0.000575349
4.05433e-07	0.644696	0.643737	0.000744848
4.03378e-07	0.644416	0.643565	0.000660936
4.01345e-07	0.644154	0.643294	0.000667444
3.99331e-07	0.644064	0.64314	0.000717912
3.97338e-07	0.643982	0.643073	0.000706003
3.95364e-07	0.643939	0.64302	0.000713938
3.9341e-07	0.644076	0.643159	0.000711964
3.91475e-07	0.644277	0.643292	0.000765375
3.8956e-07	0.644501	0.643593	0.000704574
3.87662e-07	0.644892	0.643925	0.000750259
3.85784e-07	0.645304	0.644311	0.00076997
3.83923e-07	0.645677	0.644776	0.000698642
3.8208e-07	0.646172	0.645159	0.000783865
3.80255e-07	0.64658	0.645652	0.000717767
3.78447e-07	0.646954	0.646004	0.000734326
3.76656e-07	0.648133	0.64709	0.000805093
3.74882e-07	0.648806	0.647717	0.000840079
3.73125e-07	0.650722	0.650042	0.000522681
3.71384e-07	0.651412	0.650798	0.000471533
3.69659e-07	0.651557	0.651157	0.000307058
3.67951e-07	0.65162	0.651198	0.000324211
3.66258e-07	0.651532	0.651129	0.000309367
3.6458e-07	0.651255	0.650964	0.000223924
3.62918e-07	0.6511	0.650758	0.000262853
3.61271e-07	0.650879	0.650634	0.000188516
3.59639e-07	0.650725	0.650524	0.000154192
3.58021e-07	0.650822	0.650661	0.00012316
3.56418e-07	0.650981	0.650879	7.83216e-05
3.54829e-07	0.651438	0.651452	-1.0725e-05
3.53254e-07	0.652189	0.652177	9.61018e-06
3.51694e-07	0.653139	0.653307	-0.000128231
3.50147e-07	0.654533	0.654684	-0.000115693
3.48613e-07	0.656415	0.656671	-0.000195256
3.47093e-07	0.658521	0.658875	-0.000268762
3.45586e-07	0.660903	0.661407	-0.000380692
3.44092e-07	0.663546	0.664361	-0.00061362
3.42611e-07	0.661511	0.662219	-0.00053499
3.41143e-07	0.66052	0.661219	-0.000528764
3.39687e-07	0.659691	0.660363	-0.000508826
3.38244e-07	0.658871	0.659513	-0.000486603
3.36812e-07	0.657981	0.658626	-0.000490082
3.35393e-07	0.656996	0.657583	-0.000446622
3.33986e-07	0.655897	0.656496	-0.000456053
3.32591e-07	0.654687	0.655227	-0.000412834
3.31207e-07	0.653436	0.653969	-0.000408182
3.29834e-07	0.652118	0.652598	-0.000367767
3.28473e-07	0.650848	0.651326	-0.000366436
3.27123e-07	0.649669	0.650067	-0.000306327
3.25784e-07	0.648576	0.64899	-0.000318779
3.24457e-07	0.647729	0.64807	-0.000262969
3.23139e-07	0.647063	0.647374	-0.000240227
3.21833e-07	0.646637	0.646953	-0.000244559
3.20537e-07	0.646525	0.64673	-0.000158176
3.19251e-07	0.646574	0.646837	-0.000203785
3.17976e-07	0.646905	0.647054	-0.00011517
3.16711e-07	0.647429	0.647603	-0.000134011
3.15456e-07	0.648035	0.648146	-8.54653e-05
3.14211e-07	0.648861	0.64899	-9.99691e-05
3.12975e-07	0.649696	0.64974	-3.35838e-05
3.11749e-07	0.650629	0.650798	-0.000129955
3.10533e-07	0.651711	0.651891	-0.000137607
3.09326e-07	0.652046	0.652494	-0.000343412
3.08129e-07	0.653278	0.653651	-0.000285828
3.06941e-07	0.65179	0.652276	-0.000372543
3.05762e-07	0.650289	0.650844	-0.000426472
3.04592e-07	0.64891	0.649454	-0.000419243
3.03431e-07	0.64735	0.647964	-0.000473993
3.02278e-07	0.645748	0.646411	-0.000512822
3.01135e-07	0.64426	0.644913	-0.000506883
3e-07	0.642661	0.643381	-0.000560111
