1.2e-06	0.388678	0.397036	-0.0106376
1.18218e-06	0.42985	0.439114	-0.0106602
1.16488e-06	0.47183	0.482074	-0.0107388
1.14808e-06	0.508023	0.519404	-0.0110776
1.13175e-06	0.534121	0.547304	-0.0121905
1.11589e-06	0.54795	0.561937	-0.0126026
1.10046e-06	0.548146	0.563304	-0.0136381
1.08545e-06	0.533798	0.550742	-0.0156233
1.07085e-06	0.505348	0.525335	-0.0193917
1.05664e-06	0.465732	0.49067	-0.0260741
1.04279e-06	0.424101	0.454934	-0.0350753
1.02931e-06	0.410897	0.450296	-0.0457491
1.01617e-06	0.471898	0.512393	-0.0411413
1.00336e-06	0.523499	0.552041	-0.0265373
9.90871e-07	0.483281	0.501063	-0.0180649
9.78689e-07	0.406343	0.418315	-0.0145174
9.66802e-07	0.326205	0.336595	-0.0156761
9.552e-07	0.251531	0.261212	-0.0188813
9.43874e-07	0.185991	0.196282	-0.0269219
9.32813e-07	0.132874	0.142822	-0.0360836
9.22008e-07	0.0957519	0.105314	-0.0475558
9.1145e-07	0.0796693	0.088273	-0.0512303
9.01132e-07	0.0918536	0.0973753	-0.0291801
8.91045e-07	0.135469	0.13453	0.00347866
8.81181e-07	0.179375	0.165938	0.0389121
8.71533e-07	0.153042	0.131582	0.0753978
8.62094e-07	0.0894238	0.0692821	0.126912
8.52857e-07	0.0628355	0.0469741	0.144445
8.43816e-07	0.0784717	0.0649168	0.0945325
8.34965e-07	0.127492	0.117327	0.0415194
8.26298e-07	0.203377	0.187114	0.0416465
8.17808e-07	0.308412	0.298974	0.0155395
8.09492e-07	0.348955	0.35832	-0.0132412
8.01342e-07	0.380883	0.394037	-0.0169748
7.93355e-07	0.411558	0.417542	-0.00721779
7.85526e-07	0.439862	0.447133	-0.00819726
7.7785e-07	0.466891	0.475204	-0.00882336
7.70323e-07	0.494925	0.500268	-0.00536896
7.62939e-07	0.523915	0.525556	-0.00156402
7.55696e-07	0.550965	0.546882	0.00371862
7.48589e-07	0.573553	0.565781	0.00682139
7.41615e-07	0.591179	0.581948	0.00786868
7.34769e-07	0.604306	0.59457	0.00812103
7.28049e-07	0.613038	0.603172	0.00811255
7.2145e-07	0.616674	0.60735	0.00761694
7.1497e-07	0.614415	0.605773	0.00708308
7.08605e-07	0.606966	0.601096	0.00485878
7.02353e-07	0.596041	0.594333	0.0014346
6.9621e-07	0.584547	0.586024	-0.00126168
6.90173e-07	0.577871	0.580114	-0.00193674
6.84241e-07	0.582589	0.58267	-6.98257e-05
6.78409e-07	0.600156	0.597373	0.00232397
6.72676e-07	0.610515	0.604546	0.00491247
6.67039e-07	0.596906	0.594127	0.00233303
6.61496e-07	0.59053	0.590798	-0.000226889
6.56044e-07	0.588391	0.590363	-0.00167379
6.50681e-07	0.589182	0.59282	-0.00307786
6.45405e-07	0.590506	0.594591	-0.00344694
6.40214e-07	0.592117	0.596672	-0.00383106
6.35106e-07	0.595042	0.599947	-0.00410513
6.30079e-07	0.599218	0.604106	-0.00406247
6.25131e-07	0.603754	0.608111	-0.00359566
6.2026e-07	0.608181	0.611361	-0.00260758
6.15464e-07	0.612692	0.615228	-0.00206598
6.10742e-07	0.617653	0.619309	-0.00133887
6.06091e-07	0.623188	0.62408	-0.000715038
6.01511e-07	0.629255	0.629185	5.59282e-05
5.97e-07	0.635821	0.635171	0.000511235
5.92556e-07	0.64274	0.642055	0.000533276
5.88177e-07	0.649849	0.649366	0.000371689
5.83863e-07	0.657063	0.657337	-0.000208504
5.79612e-07	0.667425	0.668588	-0.000871015
5.75422e-07	0.682205	0.684461	-0.00165031
5.71292e-07	0.690259	0.69223	-0.0014257
5.67221e-07	0.696782	0.698831	-0.00146822
5.63208e-07	0.702254	0.704308	-0.00146038
5.59251e-07	0.70695	0.708458	-0.00106579
5.55349e-07	0.711238	0.712706	-0.00103047
5.51501e-07	0.715302	0.716003	-0.000489985
5.47706e-07	0.718988	0.71918	-0.000134186
5.43964e-07	0.722091	0.722042	3.39489e-05
5.40271e-07	0.724654	0.724357	0.000205063
5.36629e-07	0.726839	0.726375	0.000319204
5.33036e-07	0.728617	0.727736	0.000605029
5.2949e-07	0.729789	0.728728	0.000727381
5.25991e-07	0.730294	0.72914	0.000791335
5.22538e-07	0.730323	0.729268	0.000722659
5.1913e-07	0.730072	0.728918	0.000791213
5.15767e-07	0.729542	0.728367	0.000805695
5.12446e-07	0.728651	0.727506	0.000786732
5.09168e-07	0.727452	0.726391	0.0007301
5.05932e-07	0.726099	0.725185	0.000629341
5.02737e-07	0.724649	0.723613	0.000715288
4.99582e-07	0.723035	0.722108	0.00064137
4.96466e-07	0.721229	0.720243	0.000684502
4.93388e-07	0.719326	0.718455	0.000605771
4.90349e-07	0.717441	0.716532	0.000633993
4.87347e-07	0.715627	0.714619	0.000704969
4.84381e-07	0.713948	0.712957	0.000694369
4.81452e-07	0.712655	0.711449	0.000846695
4.78557e-07	0.712395	0.711424	0.000682392
4.75697e-07	0.707643	0.706111	0.00108329
4.72871e-07	0.700142	0.698817	0.00094681
4.70079e-07	0.694692	0.693783	0.000655011
4.67319e-07	0.690131	0.689199	0.000675997
4.64591e-07	0.686181	0.685338	0.000615072
4.61896e-07	0.682599	0.681661	0.000687806
4.59231e-07	0.679259	0.678453	0.000593803
4.56597e-07	0.676215	0.675487	0.000538537
4.53992e-07	0.673543	0.672784	0.000563718
4.51418e-07	0.671183	0.670434	0.000557999
4.48872e-07	0.669008	0.668184	0.000615839
4.46355e-07	0.666997	0.666336	0.000496009
4.43866e-07	0.665233	0.664525	0.000532921
4.41405e-07	0.663729	0.663022	0.000532517
4.38971e-07	0.662363	0.661594	0.000580663
4.36563e-07	0.661038	0.660289	0.000566954
4.34182e-07	0.659798	0.659153	0.00048896
4.31826e-07	0.658721	0.65798	0.000563443
4.29496e-07	0.657769	0.657035	0.00055823
4.27191e-07	0.656828	0.656004	0.000627034
4.24911e-07	0.655881	0.655159	0.000550422
4.22655e-07	0.65503	0.654299	0.000558043
4.20423e-07	0.654325	0.653501	0.00063009
4.18214e-07	0.653693	0.652841	0.00065233
4.16028e-07	0.653085	0.652172	0.000699577
4.13865e-07	0.652676	0.651878	0.000611868
4.11724e-07	0.653353	0.652297	0.000809214
4.09605e-07	0.654291	0.652993	0.000992858
4.07509e-07	0.658747	0.657463	0.000975532
4.05433e-07	0.65953	0.658485	0.000793439
4.03378e-07	0.659759	0.659047	0.000539739
4.01345e-07	0.659854	0.659011	0.000638823
3.99331e-07	0.659905	0.659029	0.000663861
3.97338e-07	0.659877	0.659005	0.000660934
3.95364e-07	0.659782	0.658864	0.000695526
3.9341e-07	0.659693	0.658803	0.00067537
3.91475e-07	0.659652	0.658815	0.000634714
3.8956e-07	0.659645	0.658802	0.000638797
3.87662e-07	0.659682	0.658879	0.000609236
3.85784e-07	0.659816	0.659055	0.000576474
3.83923e-07	0.660035	0.659108	0.000702632
3.8208e-07	0.660226	0.659362	0.000654789
3.80255e-07	0.660296	0.659439	0.000649072
3.78447e-07	0.660288	0.659518	0.000583415
3.76656e-07	0.660296	0.659601	0.000526431
3.74882e-07	0.66029	0.659398	0.000675711
3.73125e-07	0.660117	0.659313	0.000609759
3.71384e-07	0.659699	0.658907	0.000600927
3.69659e-07	0.659139	0.658502	0.000483726
3.67951e-07	0.658961	0.658382	0.000439499
3.66258e-07	0.659001	0.658287	0.000541636
3.6458e-07	0.659606	0.659176	0.000325899
3.62918e-07	0.659393	0.659057	0.000254945
3.61271e-07	0.659041	0.658901	0.000105966
3.59639e-07	0.658776	0.658656	9.12151e-05
3.58021e-07	0.65862	0.658476	0.000109898
3.56418e-07	0.658521	0.658499	1.68946e-05
3.54829e-07	0.658517	0.658543	-2.0261e-05
3.53254e-07	0.658721	0.658902	-0.000137159
3.51694e-07	0.659179	0.659355	-0.000133448
3.50147e-07	0.659826	0.66003	-0.000155006
3.48613e-07	0.66059	0.660887	-0.00022459
3.47093e-07	0.661481	0.661843	-0.00027326
3.45586e-07	0.662523	0.66297	-0.000337032
3.44092e-07	0.66368	0.664137	-0.000344378
3.42611e-07	0.6649	0.665442	-0.000407256
3.41143e-07	0.666226	0.666851	-0.00046909
3.39687e-07	0.668156	0.668944	-0.0005892
3.38244e-07	0.669896	0.67094	-0.000778697
3.36812e-07	0.671546	0.672952	-0.0010455
3.35393e-07	0.668273	0.669659	-0.0010359
3.33986e-07	0.666114	0.667626	-0.00113323
3.32591e-07	0.664287	0.665815	-0.0011483
3.31207e-07	0.662578	0.663974	-0.00105236
3.29834e-07	0.660858	0.662345	-0.00112447
3.28473e-07	0.659153	0.660629	-0.0011183
3.27123e-07	0.657593	0.659114	-0.00115469
3.25784e-07	0.656239	0.65771	-0.00112004
3.24457e-07	0.655038	0.656403	-0.00104086
3.23139e-07	0.65396	0.655437	-0.00112801
3.21833e-07	0.653086	0.654504	-0.00108402
3.20537e-07	0.65251	0.653957	-0.00110747
3.19251e-07	0.652191	0.65351	-0.00101053
3.17976e-07	0.652004	0.653272	-0.000972192
3.16711e-07	0.651907	0.653275	-0.00104834
3.15456e-07	0.65197	0.653241	-0.000974429
3.14211e-07	0.652206	0.653484	-0.000978632
3.12975e-07	0.652478	0.653565	-0.000832491
3.11749e-07	0.652633	0.65375	-0.000855261
3.10533e-07	0.652671	0.653832	-0.000888352
3.09326e-07	0.652682	0.653731	-0.000803013
3.08129e-07	0.652647	0.653653	-0.000770709
3.06941e-07	0.652417	0.653211	-0.000608525
3.05762e-07	0.651923	0.652824	-0.000690089
3.04592e-07	0.651298	0.652156	-0.000658674
3.03431e-07	0.650676	0.651406	-0.000560741
3.02278e-07	0.650098	0.650826	-0.000559742
3.01135e-07	0.649162	0.649965	-0.000617761
3e-07	0.647222	0.648281	-0.000817345
