1.2e-06	0.539348	0.541069	-0.00159358
1.18218e-06	0.562068	0.564217	-0.0019077
1.16488e-06	0.576573	0.578787	-0.00191637
1.14808e-06	0.58258	0.584339	-0.00150758
1.13175e-06	0.578687	0.580854	-0.00186908
1.11589e-06	0.566482	0.568484	-0.0017632
1.10046e-06	0.546058	0.547385	-0.00121334
1.08545e-06	0.516387	0.517791	-0.00135766
1.07085e-06	0.480747	0.481141	-0.000409926
1.05664e-06	0.448367	0.446639	0.0019312
1.04279e-06	0.457569	0.453651	0.00429976
1.02931e-06	0.525471	0.521029	0.00424464
1.01617e-06	0.525368	0.523458	0.00182104
1.00336e-06	0.470675	0.471322	-0.000686939
9.90871e-07	0.409364	0.410651	-0.00157037
9.78689e-07	0.350112	0.351696	-0.00225675
9.66802e-07	0.293193	0.295642	-0.00415958
9.552e-07	0.240358	0.242663	-0.00477169
9.43874e-07	0.190831	0.193191	-0.00614579
9.32813e-07	0.145074	0.148029	-0.010081
9.22008e-07	0.105546	0.108291	-0.0128372
9.1145e-07	0.0725114	0.0753457	-0.0191691
9.01132e-07	0.0477271	0.0507811	-0.0310022
8.91045e-07	0.0340606	0.036466	-0.0341063
8.81181e-07	0.0334052	0.0346712	-0.0185971
8.71533e-07	0.0439186	0.0460856	-0.024076
8.62094e-07	0.0568063	0.0698456	-0.102954
8.52857e-07	0.0808622	0.103582	-0.123178
8.43816e-07	0.0903442	0.107725	-0.0877526
8.34965e-07	0.118661	0.127342	-0.035286
8.26298e-07	0.179743	0.186511	-0.0184799
8.17808e-07	0.269141	0.272744	-0.00664812
8.09492e-07	0.388292	0.386844	0.00186919
8.01342e-07	0.397604	0.357485	0.0531309
7.93355e-07	0.461514	0.500386	-0.0404115
7.85526e-07	0.485884	0.51351	-0.0276425
7.7785e-07	0.50809	0.527175	-0.0184357
7.70323e-07	0.525839	0.543135	-0.0161804
7.62939e-07	0.543965	0.559586	-0.0141545
7.55696e-07	0.561142	0.574079	-0.0113965
7.48589e-07	0.57415	0.58442	-0.00886392
7.41615e-07	0.579932	0.588372	-0.0072238
7.34769e-07	0.576152	0.583631	-0.00644871
7.28049e-07	0.564376	0.569126	-0.00419027
7.2145e-07	0.54631	0.546873	-0.00051481
7.1497e-07	0.525345	0.521815	0.00337067
7.08605e-07	0.508287	0.500103	0.00811508
7.02353e-07	0.4976	0.486031	0.0117612
6.9621e-07	0.493059	0.480793	0.0125949
6.90173e-07	0.496192	0.484438	0.0119865
6.84241e-07	0.505938	0.496397	0.00951855
6.78409e-07	0.519932	0.514438	0.00531094
6.72676e-07	0.536684	0.534748	0.00180682
6.67039e-07	0.558668	0.557915	0.000675193
6.61496e-07	0.568463	0.570918	-0.00215541
6.56044e-07	0.569941	0.57164	-0.00148802
6.50681e-07	0.566312	0.567743	-0.00126228
6.45405e-07	0.565711	0.567201	-0.00131562
6.40214e-07	0.567376	0.568373	-0.000877427
6.35106e-07	0.569358	0.570502	-0.00100378
6.30079e-07	0.571589	0.573035	-0.00126379
6.25131e-07	0.574703	0.575772	-0.000929842
6.2026e-07	0.577808	0.578847	-0.0008979
6.15464e-07	0.581245	0.582274	-0.000883925
6.10742e-07	0.585104	0.586001	-0.000766037
6.06091e-07	0.588833	0.590295	-0.00124021
6.01511e-07	0.593796	0.595536	-0.00146287
5.97e-07	0.600108	0.601685	-0.00131193
5.92556e-07	0.60644	0.608331	-0.00155667
5.88177e-07	0.613078	0.614996	-0.00156129
5.83863e-07	0.61968	0.621413	-0.00139601
5.79612e-07	0.625582	0.627558	-0.00157705
5.75422e-07	0.631579	0.633407	-0.00144544
5.71292e-07	0.637287	0.638854	-0.00122795
5.67221e-07	0.643517	0.64541	-0.00146808
5.63208e-07	0.651291	0.652242	-0.000729182
5.59251e-07	0.655607	0.656395	-0.000600807
5.55349e-07	0.658603	0.659662	-0.000803602
5.51501e-07	0.661747	0.662438	-0.000521564
5.47706e-07	0.664418	0.664869	-0.000339814
5.43964e-07	0.666236	0.666961	-0.000543595
5.40271e-07	0.668148	0.668637	-0.000366266
5.36629e-07	0.669506	0.669826	-0.000238556
5.33036e-07	0.670013	0.670504	-0.000366377
5.2949e-07	0.670437	0.67071	-0.000203875
5.25991e-07	0.67032	0.670519	-0.000148835
5.22538e-07	0.6697	0.670018	-0.000237202
5.1913e-07	0.669173	0.669282	-8.14467e-05
5.15767e-07	0.668237	0.668359	-9.11591e-05
5.12446e-07	0.667066	0.667271	-0.00015334
5.09168e-07	0.666014	0.666017	-2.47776e-06
5.05932e-07	0.664507	0.664585	-5.89754e-05
5.02737e-07	0.662831	0.662957	-9.53446e-05
4.99582e-07	0.661187	0.661123	4.8589e-05
4.96466e-07	0.659023	0.659078	-4.22699e-05
4.93388e-07	0.656762	0.656831	-5.25008e-05
4.90349e-07	0.654509	0.6544	8.29781e-05
4.87347e-07	0.651773	0.651815	-3.20921e-05
4.84381e-07	0.649094	0.649114	-1.50843e-05
4.81452e-07	0.646495	0.646347	0.000114669
4.78557e-07	0.643553	0.643573	-1.55178e-05
4.75697e-07	0.6409	0.640861	2.98849e-05
4.72871e-07	0.638517	0.6383	0.000170482
4.70079e-07	0.636081	0.636073	6.21814e-06
4.67319e-07	0.633865	0.633361	0.000397929
4.64591e-07	0.629925	0.629602	0.000256595
4.61896e-07	0.625727	0.625561	0.00013313
4.59231e-07	0.622395	0.622139	0.000205815
4.56597e-07	0.619396	0.619112	0.000229412
4.53992e-07	0.616537	0.616403	0.000108771
4.51418e-07	0.614223	0.613973	0.000203362
4.48872e-07	0.612068	0.611795	0.000223779
4.46355e-07	0.609985	0.609843	0.000116421
4.43866e-07	0.608369	0.608093	0.000226724
4.41405e-07	0.606802	0.60652	0.00023207
4.38971e-07	0.605271	0.605101	0.000140753
4.36563e-07	0.604128	0.603812	0.000261407
4.34182e-07	0.602931	0.602631	0.000249341
4.31826e-07	0.601745	0.601533	0.000176118
4.29496e-07	0.600865	0.600502	0.000302271
4.27191e-07	0.599851	0.599524	0.000272569
4.24911e-07	0.598852	0.598591	0.000218446
4.22655e-07	0.598113	0.5977	0.00034526
4.20423e-07	0.59721	0.596853	0.000298293
4.18214e-07	0.59637	0.596054	0.000264438
4.16028e-07	0.595771	0.595309	0.000388399
4.13865e-07	0.595014	0.594627	0.000325298
4.11724e-07	0.594401	0.594026	0.000315737
4.09605e-07	0.594051	0.593533	0.000435806
4.07509e-07	0.593622	0.593201	0.000354769
4.05433e-07	0.593699	0.593183	0.000434254
4.03378e-07	0.594493	0.593873	0.000521444
4.01345e-07	0.595396	0.594994	0.000338015
3.99331e-07	0.601735	0.600911	0.000684836
3.97338e-07	0.603798	0.602992	0.000668133
3.95364e-07	0.604531	0.604009	0.000432473
3.9341e-07	0.605091	0.604656	0.000359269
3.91475e-07	0.605786	0.605148	0.000526885
3.8956e-07	0.606166	0.605587	0.000477683
3.87662e-07	0.6065	0.606027	0.000390058
3.85784e-07	0.607026	0.606491	0.000440631
3.83923e-07	0.607533	0.606982	0.000453399
3.8208e-07	0.608046	0.607483	0.000463027
3.80255e-07	0.608511	0.607972	0.000442826
3.78447e-07	0.608937	0.608424	0.00042104
3.76656e-07	0.60942	0.608812	0.000499194
3.74882e-07	0.60967	0.609109	0.000460512
3.73125e-07	0.609769	0.609291	0.000391359
3.71384e-07	0.609958	0.609343	0.00050378
3.69659e-07	0.609839	0.609259	0.00047577
3.67951e-07	0.609502	0.609045	0.000375544
3.66258e-07	0.609327	0.608721	0.000497922
3.6458e-07	0.608914	0.608323	0.000485558
3.62918e-07	0.608354	0.607909	0.000365512
3.61271e-07	0.608247	0.60763	0.000506729
3.59639e-07	0.608537	0.607914	0.000511708
3.58021e-07	0.608912	0.608423	0.000401255
3.56418e-07	0.609926	0.6096	0.000266562
3.54829e-07	0.610249	0.609956	0.000240165
3.53254e-07	0.610449	0.610318	0.000107201
3.51694e-07	0.611011	0.610813	0.000162445
3.50147e-07	0.611662	0.611477	0.00015108
3.48613e-07	0.612362	0.612311	4.17122e-05
3.47093e-07	0.613397	0.61329	8.73145e-05
3.45586e-07	0.614468	0.614381	7.05332e-05
3.44092e-07	0.615511	0.61554	-2.34884e-05
3.42611e-07	0.616728	0.616721	6.06957e-06
3.41143e-07	0.617859	0.61788	-1.69439e-05
3.39687e-07	0.618874	0.618982	-8.73937e-05
3.38244e-07	0.619919	0.620007	-7.09557e-05
3.36812e-07	0.620832	0.620959	-0.000102314
3.35393e-07	0.621711	0.621888	-0.000142387
3.33986e-07	0.622799	0.622971	-0.00013762
3.32591e-07	0.624155	0.624388	-0.000187073
3.31207e-07	0.625271	0.625532	-0.000209186
3.29834e-07	0.627698	0.628356	-0.000523549
3.28473e-07	0.623629	0.623978	-0.00027973
3.27123e-07	0.62075	0.621173	-0.000340748
3.25784e-07	0.618544	0.618926	-0.000309042
3.24457e-07	0.616651	0.617048	-0.00032196
3.23139e-07	0.615103	0.615489	-0.00031368
3.21833e-07	0.61389	0.614234	-0.00028018
3.20537e-07	0.612905	0.613278	-0.000303795
3.19251e-07	0.612274	0.612602	-0.000267283
3.17976e-07	0.611896	0.612179	-0.000230912
3.16711e-07	0.611655	0.611972	-0.000259194
3.15456e-07	0.611686	0.611934	-0.000202778
3.14211e-07	0.611802	0.612007	-0.000167635
3.12975e-07	0.611881	0.61213	-0.000202777
3.11749e-07	0.612075	0.61224	-0.000134283
3.10533e-07	0.612151	0.612281	-0.000105918
3.09326e-07	0.612019	0.612204	-0.000150876
3.08129e-07	0.611878	0.61197	-7.49964e-05
3.06941e-07	0.611484	0.611552	-5.60158e-05
3.05762e-07	0.610806	0.610942	-0.00011176
3.04592e-07	0.610112	0.61015	-3.14039e-05
3.03431e-07	0.609179	0.609209	-2.47597e-05
3.02278e-07	0.608059	0.608172	-9.31459e-05
3.01135e-07	0.607097	0.607109	-9.94434e-06
3e-07	0.606083	0.606104	-1.71518e-05
