1.2e-06	0.443894	0.447086	-0.00358209
1.18218e-06	0.481541	0.485179	-0.00376296
1.16488e-06	0.510282	0.513475	-0.00311895
1.14808e-06	0.527561	0.530532	-0.00280747
1.13175e-06	0.533888	0.536726	-0.00265087
1.11589e-06	0.529514	0.532096	-0.00243275
1.10046e-06	0.516327	0.517892	-0.00151292
1.08545e-06	0.495576	0.496646	-0.00107884
1.07085e-06	0.469498	0.469647	-0.000158979
1.05664e-06	0.440698	0.438717	0.00225222
1.04279e-06	0.41424	0.409403	0.00587257
1.02931e-06	0.400705	0.391522	0.0115911
1.01617e-06	0.419271	0.402768	0.0200759
1.00336e-06	0.474671	0.451637	0.0248669
9.90871e-07	0.497919	0.4774	0.021038
9.78689e-07	0.447721	0.434426	0.015071
9.66802e-07	0.37084	0.363789	0.00959875
9.552e-07	0.299056	0.295946	0.00522626
9.43874e-07	0.236826	0.236635	0.000403401
9.32813e-07	0.184808	0.185602	-0.00214335
9.22008e-07	0.14067	0.143122	-0.00864101
9.1145e-07	0.105156	0.108411	-0.0152414
9.01132e-07	0.0772305	0.0810659	-0.0242292
8.91045e-07	0.0588801	0.0629609	-0.033493
8.81181e-07	0.0523347	0.0570795	-0.0433652
8.71533e-07	0.0572598	0.0637985	-0.0540127
8.62094e-07	0.0625379	0.0730518	-0.0775425
8.52857e-07	0.0769145	0.0917598	-0.0880119
8.43816e-07	0.102556	0.122473	-0.0885076
8.34965e-07	0.136008	0.164827	-0.0957955
8.26298e-07	0.16412	0.204284	-0.109021
8.17808e-07	0.171196	0.206123	-0.0925666
8.09492e-07	0.216209	0.232459	-0.0362185
8.01342e-07	0.303902	0.314868	-0.0177236
7.93355e-07	0.43032	0.437915	-0.00874759
7.85526e-07	0.554772	0.564562	-0.00874649
7.7785e-07	0.536103	0.580894	-0.0400996
7.70323e-07	0.521672	0.578037	-0.0512537
7.62939e-07	0.522024	0.574694	-0.0480255
7.55696e-07	0.521665	0.572693	-0.046628
7.48589e-07	0.533143	0.574589	-0.037415
7.41615e-07	0.541893	0.579438	-0.0334824
7.34769e-07	0.548112	0.580225	-0.0284603
7.28049e-07	0.546652	0.57195	-0.022615
7.2145e-07	0.539167	0.555941	-0.0153177
7.1497e-07	0.529713	0.537589	-0.00737932
7.08605e-07	0.520912	0.521806	-0.000856805
7.02353e-07	0.517557	0.510857	0.0065152
6.9621e-07	0.518585	0.506383	0.0119042
6.90173e-07	0.524174	0.508945	0.0147406
6.84241e-07	0.532401	0.517562	0.0141323
6.78409e-07	0.54287	0.530677	0.0113578
6.72676e-07	0.554968	0.546427	0.00775447
6.67039e-07	0.566873	0.561987	0.00432776
6.61496e-07	0.579897	0.576619	0.0028347
6.56044e-07	0.5946	0.592209	0.00201422
6.50681e-07	0.612806	0.611097	0.00139608
6.45405e-07	0.620018	0.615842	0.00337893
6.40214e-07	0.608729	0.604338	0.00361997
6.35106e-07	0.602841	0.59912	0.00309553
6.30079e-07	0.601193	0.597291	0.00325594
6.25131e-07	0.600187	0.596448	0.00312425
6.2026e-07	0.601035	0.597266	0.00314476
6.15464e-07	0.602111	0.599448	0.00221624
6.10742e-07	0.604263	0.601719	0.00210968
6.06091e-07	0.606297	0.604291	0.00165679
6.01511e-07	0.609487	0.607757	0.00142187
5.97e-07	0.612768	0.611734	0.000844554
5.92556e-07	0.617135	0.61619	0.000766058
5.88177e-07	0.621253	0.621305	-4.19677e-05
5.83863e-07	0.625995	0.626318	-0.000257931
5.79612e-07	0.630143	0.630861	-0.000569216
5.75422e-07	0.634736	0.635439	-0.000553844
5.71292e-07	0.638633	0.639868	-0.000965513
5.67221e-07	0.642781	0.643719	-0.000728931
5.63208e-07	0.646117	0.647356	-0.000957762
5.59251e-07	0.649604	0.650858	-0.000964242
5.55349e-07	0.652958	0.654585	-0.00124446
5.51501e-07	0.658588	0.659631	-0.000790974
5.47706e-07	0.661427	0.662945	-0.00114617
5.43964e-07	0.664011	0.665414	-0.00105474
5.40271e-07	0.665985	0.66732	-0.00100165
5.36629e-07	0.66756	0.668958	-0.00104582
5.33036e-07	0.668577	0.670045	-0.00109694
5.2949e-07	0.669221	0.670501	-0.000955648
5.25991e-07	0.6693	0.670649	-0.00100699
5.22538e-07	0.669155	0.670417	-0.000942059
5.1913e-07	0.668542	0.669712	-0.000874721
5.15767e-07	0.667807	0.668839	-0.000772177
5.12446e-07	0.666714	0.667791	-0.000806773
5.09168e-07	0.665497	0.666379	-0.000662564
5.05932e-07	0.664006	0.664815	-0.000609014
5.02737e-07	0.662317	0.663148	-0.000626954
4.99582e-07	0.660433	0.661135	-0.000530519
4.96466e-07	0.65827	0.658908	-0.000484165
4.93388e-07	0.656006	0.656622	-0.000468907
4.90349e-07	0.653411	0.654055	-0.000492695
4.87347e-07	0.650833	0.65126	-0.000328219
4.84381e-07	0.64791	0.648484	-0.000442816
4.81452e-07	0.645135	0.645578	-0.000343744
4.78557e-07	0.642039	0.6425	-0.000359034
4.75697e-07	0.639224	0.639536	-0.000243904
4.72871e-07	0.636145	0.636648	-0.000394927
4.70079e-07	0.633474	0.633702	-0.000179922
4.67319e-07	0.630624	0.630965	-0.000270335
4.64591e-07	0.628301	0.628528	-0.000180314
4.61896e-07	0.625931	0.626217	-0.000228679
4.59231e-07	0.624256	0.624243	1.04738e-05
4.56597e-07	0.622138	0.622165	-2.16976e-05
4.53992e-07	0.619502	0.619261	0.000194538
4.51418e-07	0.616558	0.616397	0.000130409
4.48872e-07	0.614339	0.614066	0.000222279
4.46355e-07	0.612158	0.612025	0.000108721
4.43866e-07	0.61048	0.610141	0.00027725
4.41405e-07	0.608741	0.608529	0.000173629
4.38971e-07	0.6074	0.607099	0.000247746
4.36563e-07	0.605953	0.605699	0.000209638
4.34182e-07	0.604816	0.604433	0.000316014
4.31826e-07	0.603546	0.6033	0.000204309
4.29496e-07	0.602514	0.602135	0.000314866
4.27191e-07	0.601349	0.601005	0.000285686
4.24911e-07	0.600362	0.599981	0.000317592
4.22655e-07	0.59926	0.598923	0.000281261
4.20423e-07	0.598294	0.597845	0.000375287
4.18214e-07	0.59725	0.596867	0.000320244
4.16028e-07	0.596315	0.595899	0.000348649
4.13865e-07	0.595355	0.594908	0.000376042
4.11724e-07	0.594487	0.594025	0.000388846
4.09605e-07	0.593653	0.593217	0.000367956
4.07509e-07	0.592895	0.592408	0.000410966
4.05433e-07	0.592232	0.591715	0.000436565
4.03378e-07	0.591634	0.591161	0.00039994
4.01345e-07	0.591208	0.590661	0.000463319
3.99331e-07	0.590864	0.590317	0.000462999
3.97338e-07	0.590859	0.590275	0.000494878
3.95364e-07	0.591379	0.590795	0.000494161
3.9341e-07	0.591919	0.591249	0.000565807
3.91475e-07	0.594558	0.593751	0.000678713
3.8956e-07	0.598726	0.597977	0.000625361
3.87662e-07	0.600264	0.599427	0.000697415
3.85784e-07	0.601127	0.600362	0.000637187
3.83923e-07	0.601707	0.601019	0.000571343
3.8208e-07	0.602244	0.601435	0.000671789
3.80255e-07	0.602427	0.601747	0.000564434
3.78447e-07	0.602845	0.602025	0.00068082
3.76656e-07	0.602868	0.602208	0.000546892
3.74882e-07	0.603135	0.602304	0.00068926
3.73125e-07	0.603041	0.602336	0.000584964
3.71384e-07	0.603089	0.602258	0.000689653
3.69659e-07	0.602849	0.602077	0.000641236
3.67951e-07	0.602655	0.601818	0.000694875
3.66258e-07	0.602247	0.601435	0.000674677
3.6458e-07	0.601848	0.600956	0.000741599
3.62918e-07	0.601309	0.600459	0.000707848
3.61271e-07	0.600817	0.599923	0.000745123
3.59639e-07	0.600263	0.599363	0.000750465
3.58021e-07	0.599847	0.598902	0.000788552
3.56418e-07	0.599456	0.598569	0.00074065
3.54829e-07	0.59932	0.59836	0.000801099
3.53254e-07	0.599476	0.598532	0.000787333
3.51694e-07	0.600532	0.599417	0.000929217
3.50147e-07	0.602036	0.600979	0.000878899
3.48613e-07	0.603876	0.603134	0.000614129
3.47093e-07	0.604923	0.604385	0.000444804
3.45586e-07	0.605913	0.605465	0.000370057
3.44092e-07	0.606829	0.606446	0.00031518
3.42611e-07	0.607766	0.607412	0.000291121
3.41143e-07	0.608645	0.608326	0.000261761
3.39687e-07	0.609388	0.609105	0.00023211
3.38244e-07	0.6101	0.609755	0.000282443
3.36812e-07	0.610504	0.610267	0.00019393
3.35393e-07	0.610918	0.610589	0.00026912
3.33986e-07	0.610937	0.610735	0.000164623
3.32591e-07	0.611038	0.61074	0.000243546
3.31207e-07	0.610777	0.610629	0.000121453
3.29834e-07	0.61073	0.610482	0.000202905
3.28473e-07	0.610482	0.610399	6.81608e-05
3.27123e-07	0.610712	0.610508	0.000166931
3.25784e-07	0.611298	0.611172	0.000103383
3.24457e-07	0.61181	0.611696	9.29847e-05
3.23139e-07	0.612965	0.612996	-2.53113e-05
3.21833e-07	0.612869	0.61302	-0.000123169
3.20537e-07	0.610933	0.611076	-0.000116454
3.19251e-07	0.609839	0.609977	-0.000112882
3.17976e-07	0.609115	0.609276	-0.000131658
3.16711e-07	0.60881	0.608923	-9.27291e-05
3.15456e-07	0.608662	0.608847	-0.000152359
3.14211e-07	0.608763	0.608892	-0.000105988
3.12975e-07	0.608888	0.609027	-0.000114438
3.11749e-07	0.609092	0.609226	-0.000109853
3.10533e-07	0.609199	0.609338	-0.000114251
3.09326e-07	0.609223	0.609307	-6.83901e-05
3.08129e-07	0.609068	0.609159	-7.4628e-05
3.06941e-07	0.608706	0.608797	-7.42363e-05
3.05762e-07	0.608151	0.608166	-1.24999e-05
3.04592e-07	0.607339	0.607363	-1.98944e-05
3.03431e-07	0.606409	0.606396	1.09159e-05
3.02278e-07	0.605261	0.605233	2.32227e-05
3.01135e-07	0.604145	0.604017	0.000106149
3e-07	0.602913	0.602853	4.95703e-05
