1.2e-06	0.334444	0.343863	-0.0138858
1.18218e-06	0.366659	0.378168	-0.0154517
1.16488e-06	0.410196	0.42424	-0.016831
1.14808e-06	0.457015	0.472697	-0.0168679
1.13175e-06	0.494983	0.513639	-0.0184968
1.11589e-06	0.520042	0.539936	-0.0187683
1.10046e-06	0.527039	0.549358	-0.0207345
1.08545e-06	0.51614	0.541857	-0.0243072
1.07085e-06	0.490214	0.518491	-0.0280325
1.05664e-06	0.450601	0.484363	-0.0361108
1.04279e-06	0.411003	0.45173	-0.0472068
1.02931e-06	0.397019	0.448817	-0.0612379
1.01617e-06	0.447424	0.503025	-0.0584997
1.00336e-06	0.462729	0.505168	-0.0438466
9.90871e-07	0.379865	0.411839	-0.0403871
9.78689e-07	0.289344	0.315179	-0.0427354
9.66802e-07	0.222401	0.24639	-0.0511715
9.552e-07	0.189477	0.211612	-0.0551875
9.43874e-07	0.191277	0.211333	-0.0498146
9.32813e-07	0.224371	0.239226	-0.0320421
9.22008e-07	0.273315	0.280557	-0.0130749
9.1145e-07	0.307651	0.307105	0.000889274
9.01132e-07	0.29261	0.284037	0.0148677
8.91045e-07	0.227149	0.209302	0.0408908
8.81181e-07	0.141742	0.123455	0.0689574
8.71533e-07	0.0887336	0.0680105	0.13221
8.62094e-07	0.101511	0.0830043	0.1003
8.52857e-07	0.364921	0.406334	-0.053696
8.43816e-07	0.365753	0.379017	-0.0178097
8.34965e-07	0.3549	0.37016	-0.0210472
8.26298e-07	0.364903	0.36526	-0.000488172
8.17808e-07	0.372235	0.377448	-0.0069537
8.09492e-07	0.39492	0.396231	-0.00165747
8.01342e-07	0.415252	0.41855	-0.0039545
7.93355e-07	0.444093	0.447072	-0.00334275
7.85526e-07	0.472131	0.478219	-0.00640681
7.7785e-07	0.501179	0.508526	-0.00727648
7.70323e-07	0.531393	0.538162	-0.00632934
7.62939e-07	0.558055	0.566847	-0.00781544
7.55696e-07	0.584674	0.59209	-0.00630178
7.48589e-07	0.60711	0.612377	-0.00431945
7.41615e-07	0.626407	0.628456	-0.00163292
7.34769e-07	0.641225	0.639807	0.00110682
7.28049e-07	0.648633	0.64469	0.00304864
7.2145e-07	0.650204	0.642623	0.00586366
7.1497e-07	0.645112	0.636445	0.00676294
7.08605e-07	0.63887	0.630787	0.00636606
7.02353e-07	0.66491	0.650976	0.0105893
6.9621e-07	0.648556	0.640528	0.00622765
6.90173e-07	0.646209	0.641602	0.00357748
6.84241e-07	0.645475	0.644546	0.000719949
6.78409e-07	0.647486	0.646786	0.000540915
6.72676e-07	0.649303	0.648997	0.000235367
6.67039e-07	0.650881	0.651102	-0.000169212
6.61496e-07	0.652596	0.65148	0.000856116
6.56044e-07	0.652271	0.650727	0.0011853
6.50681e-07	0.65308	0.650876	0.00168983
6.45405e-07	0.654132	0.651514	0.00200563
6.40214e-07	0.65431	0.650963	0.00256437
6.35106e-07	0.653927	0.650257	0.00281454
6.30079e-07	0.653411	0.65097	0.0018719
6.25131e-07	0.654457	0.652529	0.00147535
6.2026e-07	0.655423	0.654292	0.000863963
6.15464e-07	0.656373	0.656497	-9.41411e-05
6.10742e-07	0.658706	0.659578	-0.000661558
6.06091e-07	0.662916	0.663782	-0.000652841
6.01511e-07	0.682672	0.684979	-0.00168717
5.97e-07	0.693681	0.698522	-0.00347707
5.92556e-07	0.702162	0.706512	-0.00308795
5.88177e-07	0.708657	0.713152	-0.00316148
5.83863e-07	0.714944	0.719155	-0.00293661
5.79612e-07	0.720236	0.724694	-0.00308539
5.75422e-07	0.725645	0.729764	-0.00282996
5.71292e-07	0.730163	0.734416	-0.0029038
5.67221e-07	0.735301	0.738946	-0.00247254
5.63208e-07	0.73941	0.743285	-0.0026139
5.59251e-07	0.743923	0.747133	-0.00215257
5.55349e-07	0.747647	0.750643	-0.0019992
5.51501e-07	0.751263	0.754012	-0.00182597
5.47706e-07	0.75466	0.757004	-0.00155066
5.43964e-07	0.757345	0.759501	-0.00142156
5.40271e-07	0.760013	0.761668	-0.00108727
5.36629e-07	0.761737	0.763413	-0.00109898
5.33036e-07	0.763246	0.764536	-0.000844228
5.2949e-07	0.764102	0.76516	-0.000692136
5.25991e-07	0.76448	0.765459	-0.000640329
5.22538e-07	0.76463	0.765383	-0.000492179
5.1913e-07	0.764272	0.764954	-0.000445949
5.15767e-07	0.76388	0.764364	-0.000316649
5.12446e-07	0.76321	0.763683	-0.00030968
5.09168e-07	0.762492	0.762874	-0.000250733
5.05932e-07	0.761816	0.762045	-0.000150164
5.02737e-07	0.761122	0.761373	-0.000165365
4.99582e-07	0.761282	0.761314	-2.10212e-05
4.96466e-07	0.760018	0.760174	-0.000102731
4.93388e-07	0.749754	0.74978	-1.78415e-05
4.90349e-07	0.74401	0.743864	9.79132e-05
4.87347e-07	0.739042	0.738992	3.38187e-05
4.84381e-07	0.734638	0.734569	4.7202e-05
4.81452e-07	0.730583	0.730425	0.000107832
4.78557e-07	0.726617	0.726542	5.09398e-05
4.75697e-07	0.723001	0.72285	0.000104375
4.72871e-07	0.719405	0.719287	8.23414e-05
4.70079e-07	0.716072	0.715897	0.000121893
4.67319e-07	0.712908	0.712723	0.000129902
4.64591e-07	0.709866	0.709726	9.85889e-05
4.61896e-07	0.707147	0.706898	0.000176099
4.59231e-07	0.704501	0.704296	0.000145296
4.56597e-07	0.702156	0.701919	0.000168492
4.53992e-07	0.699971	0.699711	0.00018573
4.51418e-07	0.697945	0.69768	0.00019016
4.48872e-07	0.6962	0.695869	0.000237688
4.46355e-07	0.694533	0.694253	0.000202134
4.43866e-07	0.693147	0.692789	0.000258321
4.41405e-07	0.691894	0.691506	0.000280728
4.38971e-07	0.690797	0.690419	0.000274206
4.36563e-07	0.689924	0.689473	0.000327273
4.34182e-07	0.689116	0.68865	0.00033814
4.31826e-07	0.688558	0.688014	0.000395019
4.29496e-07	0.688212	0.687624	0.000427331
4.27191e-07	0.689324	0.688681	0.000466584
4.24911e-07	0.693434	0.692819	0.000444288
4.22655e-07	0.694265	0.693748	0.000372995
4.20423e-07	0.694293	0.693687	0.000436295
4.18214e-07	0.693876	0.693303	0.000412883
4.16028e-07	0.693281	0.692708	0.000413644
4.13865e-07	0.692638	0.691998	0.000462317
4.11724e-07	0.69187	0.691326	0.000393196
4.09605e-07	0.691213	0.690599	0.000444294
4.07509e-07	0.690459	0.689859	0.000434082
4.05433e-07	0.689816	0.689226	0.000428329
4.03378e-07	0.689177	0.688604	0.000415321
4.01345e-07	0.688604	0.687993	0.000443559
3.99331e-07	0.688128	0.687523	0.000440129
3.97338e-07	0.687727	0.687155	0.000415688
3.95364e-07	0.687432	0.686833	0.000435641
3.9341e-07	0.687263	0.686642	0.00045218
3.91475e-07	0.687153	0.68659	0.000409845
3.8956e-07	0.687179	0.686595	0.000425644
3.87662e-07	0.687239	0.686666	0.00041679
3.85784e-07	0.687344	0.686825	0.000377767
3.83923e-07	0.687504	0.687022	0.000350278
3.8208e-07	0.687791	0.687454	0.000244815
3.80255e-07	0.690172	0.69013	3.05178e-05
3.78447e-07	0.691096	0.691169	-5.2545e-05
3.76656e-07	0.691649	0.691813	-0.000118347
3.74882e-07	0.692013	0.692198	-0.000134297
3.73125e-07	0.692115	0.692375	-0.000188005
3.71384e-07	0.692166	0.69239	-0.000161828
3.69659e-07	0.691964	0.692277	-0.000226384
3.67951e-07	0.691759	0.69206	-0.000217941
3.66258e-07	0.691435	0.691776	-0.000246593
3.6458e-07	0.691094	0.691502	-0.000295171
3.62918e-07	0.690838	0.691287	-0.000324524
3.61271e-07	0.690584	0.691137	-0.000400294
3.59639e-07	0.690563	0.691147	-0.000422962
3.58021e-07	0.690668	0.691417	-0.000541854
3.56418e-07	0.691066	0.69195	-0.000638963
3.54829e-07	0.691844	0.692833	-0.000714468
3.53254e-07	0.69315	0.694412	-0.000909399
3.51694e-07	0.695362	0.697042	-0.0012072
3.50147e-07	0.693617	0.695404	-0.00128666
3.48613e-07	0.692637	0.694458	-0.00131313
3.47093e-07	0.692074	0.693894	-0.00131319
3.45586e-07	0.691643	0.693493	-0.00133568
3.44092e-07	0.691369	0.693164	-0.00129599
3.42611e-07	0.69107	0.692891	-0.00131578
3.41143e-07	0.690772	0.692593	-0.00131591
3.39687e-07	0.690421	0.692187	-0.00127748
3.38244e-07	0.689922	0.691689	-0.0012788
3.36812e-07	0.689373	0.691101	-0.00125201
3.35393e-07	0.688629	0.690356	-0.00125222
3.33986e-07	0.687799	0.689456	-0.00120349
3.32591e-07	0.686859	0.688476	-0.00117545
3.31207e-07	0.685795	0.687424	-0.00118612
3.29834e-07	0.684767	0.686295	-0.00111464
3.28473e-07	0.68367	0.685177	-0.00110073
3.27123e-07	0.682698	0.684156	-0.00106643
3.25784e-07	0.681826	0.683236	-0.00103361
3.24457e-07	0.681079	0.682445	-0.00100173
3.23139e-07	0.680609	0.681871	-0.000926573
3.21833e-07	0.680265	0.681546	-0.000940373
3.20537e-07	0.680253	0.681436	-0.000868338
3.19251e-07	0.680446	0.681563	-0.000820533
3.17976e-07	0.680883	0.681982	-0.00080675
3.16711e-07	0.681654	0.68268	-0.000752169
3.15456e-07	0.682671	0.683701	-0.000753461
3.14211e-07	0.683877	0.684932	-0.000771101
3.12975e-07	0.683224	0.684422	-0.000876314
3.11749e-07	0.682976	0.684208	-0.000901111
3.10533e-07	0.682772	0.683955	-0.000865317
3.09326e-07	0.682344	0.683626	-0.000938504
3.08129e-07	0.681923	0.683159	-0.000905169
3.06941e-07	0.681161	0.682472	-0.000961864
3.05762e-07	0.680313	0.681589	-0.000936702
3.04592e-07	0.679277	0.680575	-0.000955013
3.03431e-07	0.678019	0.679422	-0.00103369
3.02278e-07	0.676872	0.67818	-0.000964892
3.01135e-07	0.675736	0.677222	-0.00109836
3e-07	0.674691	0.676129	-0.00106479
