1.2e-06	0.570646	0.573771	-0.00273077
1.18218e-06	0.579052	0.581803	-0.00236978
1.16488e-06	0.578614	0.581229	-0.00225522
1.14808e-06	0.569628	0.571755	-0.00186339
1.13175e-06	0.552583	0.553729	-0.00103599
1.11589e-06	0.528248	0.528555	-0.000290132
1.10046e-06	0.498168	0.496871	0.00130351
1.08545e-06	0.466293	0.461574	0.00508493
1.07085e-06	0.443743	0.433546	0.0116235
1.05664e-06	0.457692	0.438522	0.0213896
1.04279e-06	0.529343	0.501785	0.0267259
1.02931e-06	0.575916	0.552515	0.0207373
1.01617e-06	0.532351	0.520018	0.0117191
1.00336e-06	0.452269	0.447744	0.00502828
9.90871e-07	0.371291	0.371554	-0.000354065
9.78689e-07	0.29731	0.30128	-0.00663284
9.66802e-07	0.231215	0.23754	-0.0134947
9.552e-07	0.173325	0.181481	-0.0229885
9.43874e-07	0.124581	0.135058	-0.0403512
9.32813e-07	0.0866542	0.099136	-0.0671823
9.22008e-07	0.062006	0.0767735	-0.10641
9.1145e-07	0.0545311	0.0734156	-0.147597
9.01132e-07	0.0703052	0.095733	-0.153144
8.91045e-07	0.096114	0.127031	-0.138551
8.81181e-07	0.122259	0.156083	-0.121518
8.71533e-07	0.167233	0.210063	-0.113518
8.62094e-07	0.187595	0.241189	-0.12499
8.52857e-07	0.198885	0.223243	-0.0577037
8.43816e-07	0.372592	0.388001	-0.0202582
8.34965e-07	0.649861	0.651796	-0.00148657
8.26298e-07	0.638579	0.668615	-0.0229771
8.17808e-07	0.611652	0.662978	-0.0402674
8.09492e-07	0.580533	0.646851	-0.0540319
8.01342e-07	0.553606	0.623939	-0.0597285
7.93355e-07	0.539469	0.610236	-0.0615527
7.85526e-07	0.541377	0.609578	-0.0592557
7.7785e-07	0.555781	0.613431	-0.049307
7.70323e-07	0.575242	0.619404	-0.0369667
7.62939e-07	0.592814	0.627015	-0.0280377
7.55696e-07	0.604024	0.629128	-0.0203575
7.48589e-07	0.60673	0.621946	-0.012384
7.41615e-07	0.601432	0.60844	-0.0057922
7.34769e-07	0.592506	0.590777	0.00146144
7.28049e-07	0.587076	0.573293	0.011878
7.2145e-07	0.58987	0.564118	0.0223158
7.1497e-07	0.600262	0.566428	0.0289997
7.08605e-07	0.615593	0.578191	0.0313302
7.02353e-07	0.633487	0.597866	0.0289289
6.9621e-07	0.655743	0.627374	0.0221096
6.90173e-07	0.648296	0.631352	0.0132415
6.84241e-07	0.63437	0.62213	0.00974124
6.78409e-07	0.624824	0.615795	0.00727741
6.72676e-07	0.618716	0.61146	0.00589825
6.67039e-07	0.614438	0.60772	0.00549682
6.61496e-07	0.61189	0.606028	0.00481367
6.56044e-07	0.610586	0.605929	0.00382762
6.50681e-07	0.610153	0.606253	0.0032055
6.45405e-07	0.61091	0.607536	0.00276921
6.40214e-07	0.61273	0.61002	0.00221615
6.35106e-07	0.614991	0.612835	0.00175546
6.30079e-07	0.617303	0.615685	0.00131152
6.25131e-07	0.619571	0.618483	0.000878479
6.2026e-07	0.622083	0.621153	0.00074778
6.15464e-07	0.624922	0.623868	0.000843685
6.10742e-07	0.628055	0.626707	0.00107479
6.06091e-07	0.631818	0.629867	0.00154631
6.01511e-07	0.636371	0.633857	0.00197919
5.97e-07	0.641388	0.63879	0.00202976
5.92556e-07	0.650583	0.648856	0.00132868
5.88177e-07	0.659336	0.658038	0.000985788
5.83863e-07	0.665252	0.664309	0.000709638
5.79612e-07	0.670579	0.669869	0.00052906
5.75422e-07	0.675438	0.674908	0.000392541
5.71292e-07	0.679815	0.679659	0.000114491
5.67221e-07	0.683678	0.684041	-0.000265588
5.63208e-07	0.687018	0.687774	-0.000549854
5.59251e-07	0.68989	0.690914	-0.000741727
5.55349e-07	0.692412	0.693769	-0.000978957
5.51501e-07	0.694707	0.696412	-0.00122564
5.47706e-07	0.696834	0.698708	-0.00134269
5.43964e-07	0.698757	0.700698	-0.00138759
5.40271e-07	0.70038	0.702477	-0.00149434
5.36629e-07	0.701616	0.703828	-0.00157402
5.33036e-07	0.702426	0.704594	-0.00154121
5.2949e-07	0.702827	0.704994	-0.00153936
5.25991e-07	0.702876	0.705118	-0.00159198
5.22538e-07	0.702647	0.704828	-0.0015497
5.1913e-07	0.702204	0.704282	-0.00147784
5.15767e-07	0.701595	0.703674	-0.00147977
5.12446e-07	0.700843	0.702839	-0.0014221
5.09168e-07	0.69995	0.701762	-0.00129232
5.05932e-07	0.698909	0.700635	-0.00123312
5.02737e-07	0.697708	0.699341	-0.00116884
4.99582e-07	0.69635	0.697795	-0.00103598
4.96466e-07	0.694861	0.696212	-0.000971237
4.93388e-07	0.693318	0.694603	-0.000925771
4.90349e-07	0.692001	0.693126	-0.000811776
4.87347e-07	0.688931	0.689643	-0.000517024
4.84381e-07	0.68458	0.685234	-0.000477258
4.81452e-07	0.680814	0.68138	-0.000415936
4.78557e-07	0.67729	0.677717	-0.000315581
4.75697e-07	0.67393	0.674327	-0.000294865
4.72871e-07	0.670712	0.671026	-0.000234168
4.70079e-07	0.667634	0.667803	-0.000126818
4.67319e-07	0.6647	0.664835	-0.000101937
4.64591e-07	0.661916	0.662014	-7.40018e-05
4.61896e-07	0.659294	0.659291	2.1806e-06
4.59231e-07	0.656847	0.65685	-2.07272e-06
4.56597e-07	0.654589	0.654621	-2.4477e-05
4.53992e-07	0.652534	0.652498	2.76209e-05
4.51418e-07	0.65069	0.650647	3.29902e-05
4.48872e-07	0.649056	0.649042	1.13196e-05
4.46355e-07	0.647629	0.647519	8.46347e-05
4.43866e-07	0.646395	0.646215	0.000139617
4.41405e-07	0.64534	0.645166	0.000135048
4.38971e-07	0.644446	0.644176	0.000210057
4.36563e-07	0.643696	0.643333	0.000282188
4.34182e-07	0.643075	0.642746	0.00025586
4.31826e-07	0.642577	0.642207	0.000287263
4.29496e-07	0.642202	0.641744	0.000357109
4.27191e-07	0.641975	0.641571	0.00031465
4.24911e-07	0.641974	0.641572	0.000312978
4.22655e-07	0.642497	0.641913	0.000455252
4.20423e-07	0.645937	0.645238	0.00054102
4.18214e-07	0.647668	0.646996	0.000518842
4.16028e-07	0.649731	0.648986	0.000573585
4.13865e-07	0.650603	0.649791	0.000625034
4.11724e-07	0.650889	0.650089	0.000615298
4.09605e-07	0.650752	0.649901	0.000654363
4.07509e-07	0.650329	0.64943	0.000692089
4.05433e-07	0.649743	0.648878	0.000666043
4.03378e-07	0.649096	0.648228	0.000668804
4.01345e-07	0.648469	0.64759	0.000678234
3.99331e-07	0.647923	0.647087	0.000645517
3.97338e-07	0.647503	0.646634	0.000671976
3.95364e-07	0.64724	0.646307	0.000720911
3.9341e-07	0.647145	0.646255	0.000688212
3.91475e-07	0.647215	0.646311	0.000698958
3.8956e-07	0.647435	0.646433	0.000775067
3.87662e-07	0.647782	0.646821	0.000741954
3.85784e-07	0.648227	0.647341	0.000684196
3.83923e-07	0.648742	0.647792	0.000732904
3.8208e-07	0.649299	0.648372	0.000713948
3.80255e-07	0.649877	0.649088	0.000607587
3.78447e-07	0.650493	0.649704	0.000607214
3.76656e-07	0.652075	0.651044	0.000791659
3.74882e-07	0.653727	0.65277	0.00073283
3.73125e-07	0.655235	0.654822	0.000315083
3.71384e-07	0.655619	0.655334	0.000217103
3.69659e-07	0.655805	0.65566	0.000111036
3.67951e-07	0.655883	0.655806	5.82588e-05
3.66258e-07	0.655868	0.655684	0.000140638
3.6458e-07	0.65578	0.655568	0.000161729
3.62918e-07	0.65565	0.655509	0.000107512
3.61271e-07	0.655524	0.655375	0.000113398
3.59639e-07	0.655456	0.655329	9.70696e-05
3.58021e-07	0.655503	0.655467	2.71287e-05
3.56418e-07	0.655716	0.655702	1.07774e-05
3.54829e-07	0.656138	0.656169	-2.36556e-05
3.53254e-07	0.656803	0.656955	-0.000115765
3.51694e-07	0.65775	0.657926	-0.000134134
3.50147e-07	0.65905	0.659258	-0.000157719
3.48613e-07	0.660991	0.661368	-0.00028527
3.47093e-07	0.663298	0.663924	-0.000471376
3.45586e-07	0.662769	0.663491	-0.000544746
3.44092e-07	0.662805	0.663744	-0.00070827
3.42611e-07	0.661518	0.662452	-0.000705236
3.41143e-07	0.660607	0.661497	-0.000672975
3.39687e-07	0.659776	0.660662	-0.000670944
3.38244e-07	0.658925	0.659819	-0.000677912
3.36812e-07	0.657998	0.658772	-0.00058768
3.35393e-07	0.656963	0.657654	-0.000526201
3.33986e-07	0.655807	0.656512	-0.000537594
3.32591e-07	0.654537	0.655145	-0.000464229
3.31207e-07	0.653183	0.653686	-0.000385205
3.29834e-07	0.651786	0.652336	-0.000421473
3.28473e-07	0.650404	0.65093	-0.000404305
3.27123e-07	0.6491	0.649515	-0.000319218
3.25784e-07	0.64794	0.64838	-0.00033933
3.24457e-07	0.646982	0.647425	-0.000342808
3.23139e-07	0.646268	0.646561	-0.000226015
3.21833e-07	0.645823	0.646058	-0.000181507
3.20537e-07	0.645648	0.64588	-0.000179254
3.19251e-07	0.645728	0.645797	-5.31504e-05
3.17976e-07	0.646033	0.645993	3.07004e-05
3.16711e-07	0.646527	0.646523	3.21491e-06
3.15456e-07	0.647175	0.647088	6.69289e-05
3.14211e-07	0.647944	0.647771	0.000134009
3.12975e-07	0.648823	0.648749	5.72287e-05
3.11749e-07	0.649871	0.649828	3.31952e-05
3.10533e-07	0.650734	0.650765	-2.40242e-05
3.09326e-07	0.650979	0.651092	-8.6274e-05
3.08129e-07	0.650909	0.651199	-0.0002227
3.06941e-07	0.649494	0.649862	-0.000282739
3.05762e-07	0.648203	0.648654	-0.000347421
3.04592e-07	0.646836	0.647419	-0.000449997
3.03431e-07	0.645371	0.645878	-0.000392904
3.02278e-07	0.643832	0.644341	-0.00039484
3.01135e-07	0.642268	0.64296	-0.000538176
3e-07	0.640742	0.641437	-0.000541543
