1.2e-06	0.601589	0.603104	-0.00125726
1.18218e-06	0.600599	0.602031	-0.00119131
1.16488e-06	0.59115	0.592128	-0.000827113
1.14808e-06	0.572129	0.572501	-0.000325565
1.13175e-06	0.542635	0.542029	0.000558869
1.11589e-06	0.504752	0.503489	0.00125254
1.10046e-06	0.474931	0.472005	0.00309041
1.08545e-06	0.507838	0.50388	0.00391154
1.07085e-06	0.622077	0.619013	0.00246891
1.05664e-06	0.67837	0.677544	0.000608908
1.04279e-06	0.650299	0.651713	-0.00108557
1.02931e-06	0.589602	0.591459	-0.00157273
1.01617e-06	0.518842	0.521907	-0.00294424
1.00336e-06	0.444177	0.448013	-0.00429966
9.90871e-07	0.367789	0.372503	-0.00636796
9.78689e-07	0.291511	0.297135	-0.00955479
9.66802e-07	0.217702	0.223402	-0.0129215
9.552e-07	0.149515	0.15589	-0.0208738
9.43874e-07	0.0910843	0.097771	-0.0354063
9.32813e-07	0.0477542	0.0559429	-0.0789669
9.22008e-07	0.0265431	0.0367247	-0.160928
9.1145e-07	0.0373972	0.0518794	-0.162217
9.01132e-07	0.0899442	0.110096	-0.100739
8.91045e-07	0.124984	0.135017	-0.0385888
8.81181e-07	0.0717005	0.0587596	0.0991937
8.71533e-07	0.0919889	0.0793329	0.0738727
8.62094e-07	0.196244	0.190587	0.0146257
8.52857e-07	0.452516	0.498602	-0.0484545
8.43816e-07	0.459729	0.517553	-0.0591681
8.34965e-07	0.448337	0.507939	-0.0623277
8.26298e-07	0.447104	0.496415	-0.0522626
8.17808e-07	0.459955	0.504688	-0.0463727
8.09492e-07	0.483791	0.517509	-0.0336743
8.01342e-07	0.512746	0.533976	-0.0202825
7.93355e-07	0.54165	0.557359	-0.014294
7.85526e-07	0.56723	0.574114	-0.00603154
7.7785e-07	0.587862	0.59087	-0.00255164
7.70323e-07	0.602581	0.600629	0.00162232
7.62939e-07	0.610412	0.603556	0.00564772
7.55696e-07	0.610457	0.601312	0.00754682
7.48589e-07	0.601996	0.588951	0.0109529
7.41615e-07	0.585393	0.571213	0.0122603
7.34769e-07	0.564451	0.546627	0.0160422
7.28049e-07	0.546987	0.524415	0.0210681
7.2145e-07	0.540256	0.513121	0.02576
7.1497e-07	0.546267	0.518347	0.0262257
7.08605e-07	0.562382	0.542147	0.0183199
7.02353e-07	0.564564	0.552394	0.0108955
6.9621e-07	0.555171	0.545715	0.00858984
6.90173e-07	0.553808	0.54622	0.00689793
6.84241e-07	0.555077	0.548909	0.00558696
6.78409e-07	0.558168	0.553655	0.0040591
6.72676e-07	0.56257	0.557979	0.00409703
6.67039e-07	0.567811	0.563236	0.00404519
6.61496e-07	0.573366	0.568616	0.0041594
6.56044e-07	0.578442	0.574904	0.00306792
6.50681e-07	0.582844	0.580574	0.00195123
6.45405e-07	0.587004	0.585449	0.00132664
6.40214e-07	0.590885	0.590498	0.000328088
6.35106e-07	0.594444	0.594802	-0.000300381
6.30079e-07	0.597726	0.599239	-0.00126345
6.25131e-07	0.600711	0.603123	-0.00200363
6.2026e-07	0.603718	0.607299	-0.00295747
6.15464e-07	0.607072	0.612069	-0.00409833
6.10742e-07	0.611206	0.617466	-0.00509496
6.06091e-07	0.618797	0.626087	-0.00585597
6.01511e-07	0.636945	0.643978	-0.00549091
5.97e-07	0.6449	0.651699	-0.00524309
5.92556e-07	0.651631	0.65784	-0.00474092
5.88177e-07	0.658047	0.663829	-0.00437438
5.83863e-07	0.66431	0.669469	-0.00386816
5.79612e-07	0.670305	0.675112	-0.0035729
5.75422e-07	0.675876	0.680679	-0.00354122
5.71292e-07	0.680912	0.685479	-0.00334193
5.67221e-07	0.685337	0.68996	-0.00336152
5.63208e-07	0.689106	0.693709	-0.00332901
5.59251e-07	0.692267	0.696824	-0.00328018
5.55349e-07	0.694977	0.699638	-0.00334194
5.51501e-07	0.697424	0.701997	-0.00326786
5.47706e-07	0.69972	0.704259	-0.00323336
5.43964e-07	0.701843	0.706302	-0.00316647
5.40271e-07	0.703678	0.707989	-0.00305396
5.36629e-07	0.705095	0.709352	-0.00300963
5.33036e-07	0.706028	0.710201	-0.00294681
5.2949e-07	0.7065	0.710607	-0.00289804
5.25991e-07	0.7066	0.710662	-0.00286677
5.22538e-07	0.70643	0.710318	-0.00274377
5.1913e-07	0.706069	0.709808	-0.00264046
5.15767e-07	0.70555	0.709069	-0.00248737
5.12446e-07	0.70488	0.708185	-0.00233943
5.09168e-07	0.704074	0.707289	-0.00227762
5.05932e-07	0.703187	0.706198	-0.00213616
5.02737e-07	0.702383	0.70538	-0.00212869
4.99582e-07	0.702125	0.704799	-0.00190028
4.96466e-07	0.697913	0.699553	-0.00117354
4.93388e-07	0.692684	0.694189	-0.00108523
4.90349e-07	0.688529	0.68993	-0.00101647
4.87347e-07	0.684676	0.685956	-0.000933617
4.84381e-07	0.680959	0.682171	-0.000888667
4.81452e-07	0.677341	0.678509	-0.000860888
4.78557e-07	0.673835	0.674918	-0.000802739
4.75697e-07	0.670454	0.671454	-0.000745328
4.72871e-07	0.667194	0.66809	-0.000670643
4.70079e-07	0.664051	0.664858	-0.000607852
4.67319e-07	0.66103	0.661805	-0.000585782
4.64591e-07	0.658159	0.658893	-0.000557298
4.61896e-07	0.655481	0.656223	-0.000565147
4.59231e-07	0.653032	0.653716	-0.000523637
4.56597e-07	0.650825	0.651456	-0.000483889
4.53992e-07	0.648854	0.649404	-0.000423576
4.51418e-07	0.647098	0.647562	-0.000357983
4.48872e-07	0.645546	0.645987	-0.000341402
4.46355e-07	0.644203	0.644585	-0.000296443
4.43866e-07	0.643089	0.643478	-0.000302127
4.41405e-07	0.642226	0.642546	-0.000249094
4.38971e-07	0.641623	0.641879	-0.000199074
4.36563e-07	0.641282	0.641454	-0.000133913
4.34182e-07	0.641221	0.641268	-3.63694e-05
4.31826e-07	0.641622	0.641618	3.39115e-06
4.29496e-07	0.64362	0.64322	0.000310948
4.27191e-07	0.647749	0.64742	0.000253598
4.24911e-07	0.651251	0.651017	0.000179482
4.22655e-07	0.652471	0.652144	0.000250772
4.20423e-07	0.652946	0.652587	0.000275385
4.18214e-07	0.652982	0.65258	0.000307996
4.16028e-07	0.652738	0.652299	0.000336973
4.13865e-07	0.652321	0.651839	0.000369481
4.11724e-07	0.651812	0.651339	0.000363203
4.09605e-07	0.651272	0.650728	0.000417367
4.07509e-07	0.650734	0.65017	0.000433128
4.05433e-07	0.650215	0.649632	0.00044842
4.03378e-07	0.64973	0.649087	0.00049554
4.01345e-07	0.649301	0.648732	0.000438565
3.99331e-07	0.648958	0.648355	0.000465148
3.97338e-07	0.648738	0.648195	0.000418731
3.95364e-07	0.648665	0.648134	0.000409622
3.9341e-07	0.648749	0.648171	0.000445753
3.91475e-07	0.648974	0.648442	0.000410226
3.8956e-07	0.649313	0.648712	0.000463449
3.87662e-07	0.649737	0.649212	0.000404932
3.85784e-07	0.650229	0.649737	0.000378352
3.83923e-07	0.651288	0.65078	0.000389456
3.8208e-07	0.652848	0.652603	0.000188397
3.80255e-07	0.65409	0.654001	6.79523e-05
3.78447e-07	0.654864	0.65496	-7.32544e-05
3.76656e-07	0.655488	0.655658	-0.000129462
3.74882e-07	0.655969	0.656251	-0.000215017
3.73125e-07	0.656297	0.656673	-0.000286076
3.71384e-07	0.656476	0.656904	-0.000326126
3.69659e-07	0.656524	0.657053	-0.000402617
3.67951e-07	0.656472	0.657012	-0.000410523
3.66258e-07	0.656357	0.656968	-0.000465247
3.6458e-07	0.656224	0.656862	-0.000485973
3.62918e-07	0.656132	0.656815	-0.000520174
3.61271e-07	0.656154	0.656902	-0.000569316
3.59639e-07	0.656376	0.657147	-0.000587008
3.58021e-07	0.656899	0.657723	-0.000626813
3.56418e-07	0.65787	0.658725	-0.00064942
3.54829e-07	0.659964	0.660874	-0.000689006
3.53254e-07	0.661954	0.663137	-0.000893122
3.51694e-07	0.662771	0.664342	-0.0011833
3.50147e-07	0.659807	0.66132	-0.00114533
3.48613e-07	0.65825	0.659759	-0.00114488
3.47093e-07	0.657195	0.658749	-0.00118143
3.45586e-07	0.656418	0.657903	-0.00113022
3.44092e-07	0.655788	0.657299	-0.00115076
3.42611e-07	0.65521	0.656666	-0.00110975
3.41143e-07	0.654614	0.656085	-0.00112229
3.39687e-07	0.653952	0.655443	-0.00113917
3.38244e-07	0.653198	0.654661	-0.00111856
3.36812e-07	0.652344	0.653853	-0.00115471
3.35393e-07	0.651382	0.652801	-0.00108757
3.33986e-07	0.650304	0.651731	-0.0010962
3.32591e-07	0.649109	0.650476	-0.0010521
3.31207e-07	0.647818	0.649162	-0.00103671
3.29834e-07	0.646478	0.647859	-0.00106625
3.28473e-07	0.64516	0.646474	-0.0010177
3.27123e-07	0.643934	0.645291	-0.00105254
3.25784e-07	0.64286	0.644104	-0.000966245
3.24457e-07	0.641972	0.643177	-0.000937287
3.23139e-07	0.641287	0.642425	-0.000886109
3.21833e-07	0.640817	0.641872	-0.00082199
3.20537e-07	0.640583	0.641676	-0.000852676
3.19251e-07	0.640619	0.641616	-0.000778166
3.17976e-07	0.640973	0.64199	-0.000792735
3.16711e-07	0.641727	0.642598	-0.000677847
3.15456e-07	0.643019	0.643668	-0.000504884
3.14211e-07	0.642871	0.643694	-0.000639606
3.12975e-07	0.642536	0.643301	-0.000594833
3.11749e-07	0.64227	0.643159	-0.000692246
3.10533e-07	0.641933	0.642801	-0.000676254
3.09326e-07	0.641483	0.642445	-0.000749186
3.08129e-07	0.640905	0.641873	-0.000754494
3.06941e-07	0.640183	0.641083	-0.000702523
3.05762e-07	0.639292	0.640217	-0.000722703
3.04592e-07	0.638217	0.63902	-0.000628411
3.03431e-07	0.637101	0.637987	-0.000694998
3.02278e-07	0.63594	0.636813	-0.000685993
3.01135e-07	0.634847	0.63581	-0.000757899
3e-07	0.633634	0.634654	-0.000804718
