1.2e-06	0.604907	0.608214	-0.0027255
1.18218e-06	0.616681	0.620075	-0.00274451
1.16488e-06	0.619984	0.623418	-0.00276152
1.14808e-06	0.614944	0.618242	-0.00267486
1.13175e-06	0.601722	0.604637	-0.00241703
1.11589e-06	0.580424	0.582833	-0.00207122
1.10046e-06	0.551132	0.553119	-0.00179925
1.08545e-06	0.514267	0.515853	-0.0015396
1.07085e-06	0.47258	0.473112	-0.000562444
1.05664e-06	0.440963	0.438429	0.0028813
1.04279e-06	0.469811	0.462368	0.00798399
1.02931e-06	0.534397	0.528249	0.00578524
1.01617e-06	0.50231	0.501775	0.000532745
1.00336e-06	0.430458	0.433531	-0.00355667
9.90871e-07	0.358601	0.363701	-0.0070605
9.78689e-07	0.292061	0.298266	-0.010511
9.66802e-07	0.231052	0.237903	-0.0146095
9.552e-07	0.176125	0.183715	-0.0210932
9.43874e-07	0.128659	0.137442	-0.0330053
9.32813e-07	0.0907072	0.100972	-0.0535501
9.22008e-07	0.0648058	0.0763073	-0.0815053
9.1145e-07	0.0539213	0.0661372	-0.10175
9.01132e-07	0.0618872	0.0747892	-0.0943976
8.91045e-07	0.0891371	0.104451	-0.0791062
8.81181e-07	0.128843	0.150548	-0.0776878
8.71533e-07	0.181077	0.208878	-0.0712923
8.62094e-07	0.261501	0.278615	-0.0316853
8.52857e-07	0.599437	0.595447	0.00333951
8.43816e-07	0.635118	0.642774	-0.00599104
8.34965e-07	0.628559	0.644362	-0.0124148
8.26298e-07	0.614537	0.639229	-0.0196947
8.17808e-07	0.595118	0.629692	-0.028228
8.09492e-07	0.573346	0.6166	-0.0363502
8.01342e-07	0.554729	0.602391	-0.0411904
7.93355e-07	0.545805	0.591899	-0.0405149
7.85526e-07	0.549499	0.589195	-0.0348605
7.7785e-07	0.562677	0.594326	-0.0273543
7.70323e-07	0.578198	0.602977	-0.0209777
7.62939e-07	0.589291	0.609222	-0.0166299
7.55696e-07	0.592603	0.608717	-0.0134134
7.48589e-07	0.588785	0.600684	-0.0100043
7.41615e-07	0.582066	0.588671	-0.00564116
7.34769e-07	0.578612	0.578518	8.11768e-05
7.28049e-07	0.58388	0.575236	0.00745782
7.2145e-07	0.599122	0.580445	0.0158335
7.1497e-07	0.620996	0.59365	0.0225139
7.08605e-07	0.647066	0.618243	0.02278
7.02353e-07	0.650318	0.628454	0.0170981
6.9621e-07	0.62502	0.60779	0.0139756
6.90173e-07	0.61415	0.600248	0.0114483
6.84241e-07	0.606826	0.596331	0.00872281
6.78409e-07	0.601893	0.594824	0.00590646
6.72676e-07	0.598892	0.594564	0.00362653
6.67039e-07	0.597237	0.594604	0.00220893
6.61496e-07	0.596863	0.595483	0.00115731
6.56044e-07	0.597707	0.597795	-7.40497e-05
6.50681e-07	0.599493	0.60079	-0.00108051
6.45405e-07	0.60199	0.603608	-0.00134214
6.40214e-07	0.604922	0.606296	-0.00113471
6.35106e-07	0.608125	0.609312	-0.000974985
6.30079e-07	0.611338	0.612505	-0.000953813
6.25131e-07	0.614521	0.615383	-0.000700363
6.2026e-07	0.617945	0.618037	-7.47472e-05
6.15464e-07	0.621845	0.621004	0.000676361
6.10742e-07	0.626287	0.624736	0.00123942
6.06091e-07	0.631982	0.630142	0.00145771
6.01511e-07	0.644882	0.642861	0.0015687
5.97e-07	0.650609	0.649079	0.00117722
5.92556e-07	0.655285	0.654191	0.000835417
5.88177e-07	0.65972	0.659099	0.000471067
5.83863e-07	0.664216	0.664061	0.000116284
5.79612e-07	0.66881	0.669056	-0.000184305
5.75422e-07	0.673377	0.673937	-0.000415215
5.71292e-07	0.677773	0.678566	-0.000584169
5.67221e-07	0.681882	0.682865	-0.000719915
5.63208e-07	0.685605	0.686774	-0.000851818
5.59251e-07	0.688901	0.690248	-0.000977238
5.55349e-07	0.691821	0.693298	-0.00106626
5.51501e-07	0.694466	0.695996	-0.00110032
5.47706e-07	0.696908	0.698437	-0.00109549
5.43964e-07	0.699165	0.700687	-0.00108737
5.40271e-07	0.701204	0.702741	-0.00109466
5.36629e-07	0.702977	0.704523	-0.00109848
5.33036e-07	0.704434	0.705928	-0.00105959
5.2949e-07	0.705535	0.706891	-0.00095967
5.25991e-07	0.706256	0.707423	-0.000825561
5.22538e-07	0.706586	0.707592	-0.000711225
5.1913e-07	0.706538	0.707462	-0.000654004
5.15767e-07	0.706138	0.707054	-0.000647774
5.12446e-07	0.705433	0.70636	-0.00065702
5.09168e-07	0.704478	0.7054	-0.000653466
5.05932e-07	0.703342	0.704237	-0.000635873
5.02737e-07	0.70213	0.702995	-0.000615625
4.99582e-07	0.701095	0.701888	-0.000565245
4.96466e-07	0.698416	0.698615	-0.000142519
4.93388e-07	0.693966	0.694226	-0.000187462
4.90349e-07	0.690267	0.690445	-0.00012937
4.87347e-07	0.686724	0.686831	-7.84834e-05
4.84381e-07	0.683228	0.683331	-7.51829e-05
4.81452e-07	0.679761	0.679919	-0.000116026
4.78557e-07	0.67634	0.676558	-0.000161116
4.75697e-07	0.672997	0.673227	-0.00017105
4.72871e-07	0.669766	0.669954	-0.000140107
4.70079e-07	0.666672	0.666798	-9.43673e-05
4.67319e-07	0.663735	0.663816	-6.0678e-05
4.64591e-07	0.660965	0.661019	-4.10736e-05
4.61896e-07	0.658366	0.65839	-1.86575e-05
4.59231e-07	0.655942	0.655922	1.55383e-05
4.56597e-07	0.653701	0.653639	4.76196e-05
4.53992e-07	0.651654	0.651582	5.57204e-05
4.51418e-07	0.649818	0.649769	3.7736e-05
4.48872e-07	0.648206	0.648181	1.95728e-05
4.46355e-07	0.64683	0.646788	3.28175e-05
4.43866e-07	0.64569	0.64558	8.4768e-05
4.41405e-07	0.644778	0.644581	0.000152698
4.38971e-07	0.644082	0.643813	0.0002083
4.36563e-07	0.643592	0.643275	0.00024606
4.34182e-07	0.643319	0.64295	0.000286338
4.31826e-07	0.64332	0.64286	0.000357466
4.29496e-07	0.64482	0.644178	0.00049762
4.27191e-07	0.647038	0.646307	0.000565343
4.24911e-07	0.65125	0.650479	0.000592659
4.22655e-07	0.652071	0.651304	0.00058847
4.20423e-07	0.652178	0.651382	0.000610194
4.18214e-07	0.652012	0.651147	0.000664159
4.16028e-07	0.651729	0.650787	0.000723605
4.13865e-07	0.651387	0.65041	0.000750633
4.11724e-07	0.651008	0.650057	0.000730921
4.09605e-07	0.650606	0.649711	0.000687711
4.07509e-07	0.650193	0.649335	0.000660011
4.05433e-07	0.64979	0.648924	0.000666737
4.03378e-07	0.649422	0.648523	0.000692707
4.01345e-07	0.649119	0.648199	0.000709112
3.99331e-07	0.648907	0.647992	0.000705532
3.97338e-07	0.648802	0.647895	0.000699449
3.95364e-07	0.648812	0.647886	0.000714343
3.9341e-07	0.648937	0.647963	0.000751103
3.91475e-07	0.649175	0.648158	0.000784139
3.8956e-07	0.649522	0.648501	0.000786443
3.87662e-07	0.649981	0.648998	0.000756485
3.85784e-07	0.650578	0.649649	0.000715063
3.83923e-07	0.652227	0.651143	0.000831714
3.8208e-07	0.653909	0.652993	0.000700658
3.80255e-07	0.6558	0.655214	0.00044719
3.78447e-07	0.656772	0.656295	0.000363561
3.76656e-07	0.657523	0.657117	0.000309251
3.74882e-07	0.658097	0.657728	0.00028029
3.73125e-07	0.65849	0.658126	0.00027585
3.71384e-07	0.658706	0.658348	0.000271381
3.69659e-07	0.658765	0.658457	0.000233188
3.67951e-07	0.658704	0.658504	0.00015161
3.66258e-07	0.658577	0.658504	5.55066e-05
3.6458e-07	0.658447	0.658461	-1.06342e-05
3.62918e-07	0.658382	0.658418	-2.67882e-05
3.61271e-07	0.65845	0.65847	-1.57428e-05
3.59639e-07	0.658717	0.658745	-2.13633e-05
3.58021e-07	0.659262	0.659352	-6.75343e-05
3.56418e-07	0.660206	0.660387	-0.000137133
3.54829e-07	0.662024	0.662261	-0.000179478
3.53254e-07	0.663652	0.664118	-0.000350988
3.51694e-07	0.666544	0.667259	-0.000535691
3.50147e-07	0.664209	0.664864	-0.000493272
3.48613e-07	0.663107	0.663768	-0.000498043
3.47093e-07	0.662464	0.663138	-0.000508909
3.45586e-07	0.662067	0.662716	-0.000489998
3.44092e-07	0.661797	0.662371	-0.000433493
3.42611e-07	0.661567	0.662051	-0.00036573
3.41143e-07	0.661304	0.66173	-0.000322041
3.39687e-07	0.660947	0.661362	-0.000313417
3.38244e-07	0.660456	0.660876	-0.00031832
3.36812e-07	0.659808	0.660214	-0.000307465
3.35393e-07	0.659004	0.659367	-0.000275008
3.33986e-07	0.658062	0.658382	-0.000243113
3.32591e-07	0.657016	0.657325	-0.000235375
3.31207e-07	0.655911	0.656236	-0.000247674
3.29834e-07	0.654799	0.655124	-0.000248296
3.28473e-07	0.653734	0.654008	-0.000208848
3.27123e-07	0.652768	0.652944	-0.000134816
3.25784e-07	0.651946	0.652029	-6.38444e-05
3.24457e-07	0.651311	0.651353	-3.2212e-05
3.23139e-07	0.650902	0.650957	-4.24656e-05
3.21833e-07	0.650752	0.650836	-6.41991e-05
3.20537e-07	0.650893	0.650979	-6.64107e-05
3.19251e-07	0.651354	0.651417	-4.84824e-05
3.17976e-07	0.652183	0.652237	-4.12513e-05
3.16711e-07	0.653468	0.653694	-0.000172435
3.15456e-07	0.654512	0.65486	-0.000265791
3.14211e-07	0.655141	0.655631	-0.000373329
3.12975e-07	0.654402	0.654908	-0.000386649
3.11749e-07	0.653934	0.654426	-0.000376047
3.10533e-07	0.653446	0.653948	-0.000383752
3.09326e-07	0.652845	0.653411	-0.000433075
3.08129e-07	0.652087	0.652751	-0.000508288
3.06941e-07	0.651158	0.651899	-0.000569071
3.05762e-07	0.650064	0.650828	-0.000587926
3.04592e-07	0.648829	0.649575	-0.000574467
3.03431e-07	0.647501	0.648234	-0.000565445
3.02278e-07	0.646323	0.647074	-0.000580649
3.01135e-07	0.645226	0.645991	-0.000592654
3e-07	0.644005	0.644799	-0.000616238
