1.2e-06	0.570287	0.572593	-0.00201721
1.18218e-06	0.576121	0.578304	-0.00189107
1.16488e-06	0.574807	0.576722	-0.00166293
1.14808e-06	0.566381	0.567838	-0.00128386
1.13175e-06	0.550991	0.551729	-0.000669867
1.11589e-06	0.528925	0.528551	0.000353037
1.10046e-06	0.500898	0.498723	0.00217631
1.08545e-06	0.469098	0.46379	0.00568922
1.07085e-06	0.440667	0.42962	0.0126939
1.05664e-06	0.436857	0.41581	0.0246846
1.04279e-06	0.490999	0.458721	0.0339873
1.02931e-06	0.556653	0.525693	0.028605
1.01617e-06	0.539183	0.520639	0.0174965
1.00336e-06	0.471688	0.464022	0.00819284
9.90871e-07	0.396137	0.395848	0.000364457
9.78689e-07	0.323812	0.329022	-0.00798078
9.66802e-07	0.25645	0.266659	-0.0195159
9.552e-07	0.19477	0.210503	-0.0388209
9.43874e-07	0.140751	0.163536	-0.0748791
9.32813e-07	0.0991186	0.131703	-0.141168
9.22008e-07	0.079379	0.125482	-0.225043
9.1145e-07	0.0922129	0.15204	-0.244938
9.01132e-07	0.115066	0.173037	-0.201216
8.91045e-07	0.093988	0.130221	-0.161605
8.81181e-07	0.054203	0.0712386	-0.135805
8.71533e-07	0.0408395	0.0504864	-0.105632
8.62094e-07	0.0381273	0.048162	-0.116292
8.52857e-07	0.0408956	0.0497431	-0.0976128
8.43816e-07	0.0693436	0.0778772	-0.0579645
8.34965e-07	0.122098	0.131642	-0.0376142
8.26298e-07	0.198502	0.209334	-0.0265606
8.17808e-07	0.297063	0.303606	-0.0108931
8.09492e-07	0.411995	0.388196	0.0297412
8.01342e-07	0.486803	0.403466	0.0936081
7.93355e-07	0.487388	0.55355	-0.0635605
7.85526e-07	0.486181	0.541606	-0.0539264
7.7785e-07	0.489623	0.536839	-0.045998
7.70323e-07	0.492621	0.533599	-0.0399307
7.62939e-07	0.491183	0.526821	-0.0350076
7.55696e-07	0.48397	0.514063	-0.0301515
7.48589e-07	0.473556	0.496381	-0.0235328
7.41615e-07	0.464279	0.477331	-0.013861
7.34769e-07	0.457518	0.459103	-0.00172874
7.28049e-07	0.452982	0.441863	0.0124256
7.2145e-07	0.451006	0.427133	0.0271866
7.1497e-07	0.452345	0.418006	0.0394547
7.08605e-07	0.456761	0.416113	0.0465673
7.02353e-07	0.463323	0.421426	0.0473552
6.9621e-07	0.47156	0.434211	0.041234
6.90173e-07	0.482486	0.454628	0.0297283
6.84241e-07	0.497041	0.480428	0.0169959
6.78409e-07	0.515088	0.5083	0.00663279
6.72676e-07	0.535505	0.53548	2.31216e-05
6.67039e-07	0.560155	0.563254	-0.00275858
6.61496e-07	0.574668	0.580838	-0.00533962
6.56044e-07	0.574421	0.580196	-0.00500179
6.50681e-07	0.570301	0.575651	-0.00466837
6.45405e-07	0.570247	0.574984	-0.0041363
6.40214e-07	0.571254	0.575645	-0.00382822
6.35106e-07	0.572587	0.576976	-0.0038178
6.30079e-07	0.574346	0.57857	-0.00366298
6.25131e-07	0.57668	0.580365	-0.00318474
6.2026e-07	0.579401	0.582428	-0.00260567
6.15464e-07	0.582075	0.584625	-0.00218637
6.10742e-07	0.584701	0.586936	-0.00190744
6.06091e-07	0.58766	0.58953	-0.00158794
6.01511e-07	0.591162	0.592578	-0.00119636
5.97e-07	0.595232	0.59619	-0.000803882
5.92556e-07	0.599733	0.600292	-0.00046559
5.88177e-07	0.604371	0.604632	-0.000216332
5.83863e-07	0.608951	0.60903	-6.51081e-05
5.79612e-07	0.613441	0.613439	2.18756e-06
5.75422e-07	0.617804	0.617787	1.40058e-05
5.71292e-07	0.621921	0.621903	1.42613e-05
5.67221e-07	0.626431	0.626896	-0.000371446
5.63208e-07	0.632316	0.632514	-0.000156413
5.59251e-07	0.635973	0.636306	-0.00026207
5.55349e-07	0.639052	0.639445	-0.000307396
5.51501e-07	0.641767	0.642185	-0.000325242
5.47706e-07	0.644211	0.644627	-0.000322329
5.43964e-07	0.646409	0.646797	-0.000300478
5.40271e-07	0.648317	0.64866	-0.000264568
5.36629e-07	0.649863	0.650155	-0.000224266
5.33036e-07	0.650986	0.651235	-0.000191189
5.2949e-07	0.651657	0.651885	-0.000174801
5.25991e-07	0.651891	0.652125	-0.000179189
5.22538e-07	0.651729	0.651993	-0.000201948
5.1913e-07	0.651224	0.651531	-0.000235314
5.15767e-07	0.650422	0.650772	-0.000269047
5.12446e-07	0.649355	0.649737	-0.000293921
5.09168e-07	0.64804	0.648435	-0.000304569
5.05932e-07	0.646485	0.646874	-0.000300894
5.02737e-07	0.644688	0.645059	-0.000287541
4.99582e-07	0.642654	0.643003	-0.000271659
4.96466e-07	0.640388	0.640721	-0.000260009
4.93388e-07	0.637905	0.638232	-0.000256245
4.90349e-07	0.635228	0.635558	-0.000259542
4.87347e-07	0.632389	0.632725	-0.00026504
4.84381e-07	0.62943	0.629765	-0.000265702
4.81452e-07	0.626398	0.626718	-0.000255222
4.78557e-07	0.62335	0.623637	-0.000230337
4.75697e-07	0.620349	0.620587	-0.000192025
4.72871e-07	0.617471	0.61765	-0.000145373
4.70079e-07	0.614836	0.614967	-0.000106607
4.67319e-07	0.612441	0.612186	0.000207639
4.64591e-07	0.609011	0.608748	0.000215656
4.61896e-07	0.605356	0.605156	0.000164695
4.59231e-07	0.602195	0.602025	0.000141397
4.56597e-07	0.599369	0.599215	0.000128439
4.53992e-07	0.596828	0.596676	0.000127391
4.51418e-07	0.594546	0.594381	0.000138868
4.48872e-07	0.592503	0.592313	0.000159882
4.46355e-07	0.590677	0.590459	0.00018437
4.43866e-07	0.589045	0.588803	0.000205256
4.41405e-07	0.587586	0.587331	0.000217161
4.38971e-07	0.586276	0.58602	0.000218474
4.36563e-07	0.585093	0.584845	0.000212004
4.34182e-07	0.584016	0.583778	0.00020382
4.31826e-07	0.583023	0.582789	0.000200871
4.29496e-07	0.582098	0.581856	0.000208254
4.27191e-07	0.581229	0.580965	0.000227236
4.24911e-07	0.580407	0.580111	0.000254778
4.22655e-07	0.579627	0.579297	0.000284754
4.20423e-07	0.578891	0.578532	0.000310368
4.18214e-07	0.578199	0.577821	0.000326869
4.16028e-07	0.577558	0.577173	0.000333482
4.13865e-07	0.576976	0.576591	0.000333849
4.11724e-07	0.576467	0.576081	0.000334868
4.09605e-07	0.576057	0.57566	0.000344476
4.07509e-07	0.575786	0.57536	0.000370021
4.05433e-07	0.575773	0.575276	0.000432354
4.03378e-07	0.576181	0.575664	0.000449277
4.01345e-07	0.577205	0.576747	0.000396655
3.99331e-07	0.582541	0.581829	0.000611706
3.97338e-07	0.583964	0.583469	0.000424386
3.95364e-07	0.58473	0.584209	0.000446092
3.9341e-07	0.585231	0.58464	0.000504974
3.91475e-07	0.585606	0.584955	0.000555973
3.8956e-07	0.585937	0.585245	0.000590326
3.87662e-07	0.586272	0.585555	0.00061155
3.85784e-07	0.586637	0.585904	0.000624993
3.83923e-07	0.587037	0.586294	0.000633325
3.8208e-07	0.587459	0.586713	0.000635839
3.80255e-07	0.587885	0.587144	0.000630158
3.78447e-07	0.588289	0.587566	0.000614646
3.76656e-07	0.588646	0.587951	0.000590181
3.74882e-07	0.588927	0.588267	0.000560612
3.73125e-07	0.589108	0.588481	0.000531825
3.71384e-07	0.589172	0.588572	0.000509755
3.69659e-07	0.589112	0.588526	0.000498138
3.67951e-07	0.588935	0.58835	0.000496807
3.66258e-07	0.588658	0.588068	0.000501199
3.6458e-07	0.588319	0.587727	0.000503352
3.62918e-07	0.58798	0.5874	0.000493911
3.61271e-07	0.587806	0.587241	0.000480443
3.59639e-07	0.588759	0.587901	0.000729787
3.58021e-07	0.589655	0.589126	0.000449037
3.56418e-07	0.590841	0.59069	0.000127494
3.54829e-07	0.59125	0.591261	-9.26743e-06
3.53254e-07	0.59163	0.591739	-9.14372e-05
3.51694e-07	0.592129	0.592281	-0.000128281
3.50147e-07	0.592789	0.592948	-0.000133569
3.48613e-07	0.593615	0.593762	-0.000123692
3.47093e-07	0.594584	0.59472	-0.00011397
3.45586e-07	0.595662	0.5958	-0.000115714
3.44092e-07	0.596804	0.596964	-0.000134416
3.42611e-07	0.597961	0.598164	-0.000169644
3.41143e-07	0.599088	0.599347	-0.000216327
3.39687e-07	0.600145	0.600465	-0.000266871
3.38244e-07	0.601105	0.601482	-0.000313677
3.36812e-07	0.601965	0.602389	-0.000351339
3.35393e-07	0.602761	0.603216	-0.000377378
3.33986e-07	0.603605	0.604076	-0.000390641
3.32591e-07	0.60481	0.605194	-0.000317238
3.31207e-07	0.605426	0.605918	-0.000405902
3.29834e-07	0.60701	0.607966	-0.000787532
3.28473e-07	0.603535	0.604256	-0.000596587
3.27123e-07	0.601039	0.601769	-0.000606851
3.25784e-07	0.598997	0.599753	-0.000630502
3.24457e-07	0.597285	0.59806	-0.000647942
3.23139e-07	0.595878	0.596656	-0.000652583
3.21833e-07	0.594776	0.595541	-0.000643218
3.20537e-07	0.59398	0.594721	-0.000623155
3.19251e-07	0.59348	0.594191	-0.000598791
3.17976e-07	0.593252	0.593937	-0.000576928
3.16711e-07	0.59326	0.593927	-0.000562149
3.15456e-07	0.593454	0.594114	-0.00055524
3.14211e-07	0.593774	0.594431	-0.000553028
3.12975e-07	0.594152	0.594806	-0.00054959
3.11749e-07	0.594522	0.595163	-0.000538502
3.10533e-07	0.594821	0.595434	-0.000515348
3.09326e-07	0.594994	0.595565	-0.00047964
3.08129e-07	0.594997	0.595516	-0.000435358
3.06941e-07	0.594803	0.595267	-0.000389897
3.05762e-07	0.594401	0.59482	-0.000351697
3.04592e-07	0.593805	0.594194	-0.000327414
3.03431e-07	0.593051	0.593431	-0.000319682
3.02278e-07	0.592198	0.592585	-0.000326261
3.01135e-07	0.591323	0.591727	-0.000341024
3e-07	0.590522	0.590943	-0.000356688
