1.2e-06	0.49767	0.497247	0.000425307
1.18218e-06	0.512359	0.511286	0.00104762
1.16488e-06	0.51919	0.517979	0.00116781
1.14808e-06	0.51866	0.516915	0.00168525
1.13175e-06	0.509575	0.506916	0.002616
1.11589e-06	0.491803	0.488496	0.00337278
1.10046e-06	0.469759	0.464522	0.00560576
1.08545e-06	0.452147	0.445283	0.00764866
1.07085e-06	0.468106	0.458713	0.0101343
1.05664e-06	0.543883	0.533992	0.00917616
1.04279e-06	0.630117	0.622907	0.00575438
1.02931e-06	0.648367	0.644224	0.00320563
1.01617e-06	0.608484	0.607289	0.00098285
1.00336e-06	0.5467	0.546307	0.000359583
9.90871e-07	0.47755	0.478315	-0.000800423
9.78689e-07	0.408158	0.409207	-0.0012833
9.66802e-07	0.339965	0.341204	-0.00181812
9.552e-07	0.274001	0.275817	-0.00330117
9.43874e-07	0.212523	0.214162	-0.00384015
9.32813e-07	0.155689	0.158122	-0.00775122
9.22008e-07	0.106781	0.109474	-0.0124547
9.1145e-07	0.0673315	0.0711361	-0.0274765
9.01132e-07	0.0409704	0.0466899	-0.0652468
8.91045e-07	0.0329698	0.0422273	-0.12311
8.81181e-07	0.0479207	0.0652314	-0.152986
8.71533e-07	0.0784449	0.109287	-0.164289
8.62094e-07	0.0818584	0.119272	-0.186017
8.52857e-07	0.0478955	0.0699711	-0.187293
8.43816e-07	0.0265604	0.0389283	-0.188856
8.34965e-07	0.0356871	0.0444815	-0.109699
8.26298e-07	0.0667865	0.0751742	-0.0590849
8.17808e-07	0.11124	0.121596	-0.0444747
8.09492e-07	0.150821	0.165034	-0.0449987
8.01342e-07	0.216955	0.223487	-0.0148293
7.93355e-07	0.334788	0.34366	-0.0130763
7.85526e-07	0.280015	0.286626	-0.0116674
7.7785e-07	0.406263	0.420791	-0.0175667
7.70323e-07	0.435065	0.450967	-0.0179469
7.62939e-07	0.453625	0.464722	-0.0120831
7.55696e-07	0.468607	0.484387	-0.0165583
7.48589e-07	0.472547	0.493509	-0.0216993
7.41615e-07	0.470943	0.490901	-0.0207497
7.34769e-07	0.460983	0.484096	-0.024456
7.28049e-07	0.455069	0.46744	-0.0134101
7.2145e-07	0.45114	0.452766	-0.0017994
7.1497e-07	0.451788	0.44102	0.0120601
7.08605e-07	0.447861	0.429715	0.0206771
7.02353e-07	0.442815	0.421423	0.0247525
6.9621e-07	0.433165	0.411411	0.0257575
6.90173e-07	0.4254	0.403925	0.0258944
6.84241e-07	0.419779	0.401611	0.0221195
6.78409e-07	0.421158	0.406108	0.0181923
6.72676e-07	0.429235	0.418378	0.0128089
6.67039e-07	0.443321	0.435411	0.00900221
6.61496e-07	0.463187	0.457428	0.00625586
6.56044e-07	0.485767	0.482836	0.00302575
6.50681e-07	0.514025	0.511463	0.00249869
6.45405e-07	0.532822	0.530725	0.00197217
6.40214e-07	0.530351	0.528579	0.00167336
6.35106e-07	0.531724	0.530431	0.00121697
6.30079e-07	0.534176	0.534042	0.000125587
6.25131e-07	0.537864	0.538408	-0.000505126
6.2026e-07	0.541085	0.542758	-0.00154419
6.15464e-07	0.544709	0.547088	-0.00217847
6.10742e-07	0.548242	0.551473	-0.00293793
6.06091e-07	0.552112	0.556249	-0.00373221
6.01511e-07	0.557753	0.562105	-0.00388628
5.97e-07	0.563624	0.568721	-0.00450116
5.92556e-07	0.570667	0.575757	-0.00444023
5.88177e-07	0.577344	0.582772	-0.00467904
5.83863e-07	0.584166	0.589458	-0.00450924
5.79612e-07	0.590973	0.595992	-0.00422851
5.75422e-07	0.597046	0.602027	-0.00415417
5.71292e-07	0.603271	0.607684	-0.00364373
5.67221e-07	0.608432	0.612807	-0.0035822
5.63208e-07	0.613557	0.617371	-0.00309866
5.59251e-07	0.618064	0.621683	-0.00291936
5.55349e-07	0.622498	0.625871	-0.00270235
5.51501e-07	0.631132	0.633598	-0.00194925
5.47706e-07	0.635099	0.638048	-0.00231669
5.43964e-07	0.63857	0.641348	-0.00217079
5.40271e-07	0.641011	0.643788	-0.00216172
5.36629e-07	0.642914	0.645579	-0.00206889
5.33036e-07	0.644278	0.64687	-0.00200719
5.2949e-07	0.64482	0.64736	-0.00196579
5.25991e-07	0.645176	0.64756	-0.00184356
5.22538e-07	0.644833	0.647188	-0.00182285
5.1913e-07	0.644301	0.646504	-0.00170677
5.15767e-07	0.643517	0.645596	-0.00161296
5.12446e-07	0.642238	0.644287	-0.00159283
5.09168e-07	0.641114	0.642913	-0.00140064
5.05932e-07	0.639283	0.641151	-0.00145874
5.02737e-07	0.637654	0.639268	-0.00126363
4.99582e-07	0.63548	0.637116	-0.00128562
4.96466e-07	0.633192	0.634724	-0.00120847
4.93388e-07	0.630793	0.632201	-0.00111426
4.90349e-07	0.627921	0.629396	-0.0011737
4.87347e-07	0.625285	0.626546	-0.00100741
4.84381e-07	0.622124	0.623494	-0.00109963
4.81452e-07	0.619205	0.620425	-0.000984164
4.78557e-07	0.616092	0.617308	-0.000986253
4.75697e-07	0.612976	0.6142	-0.000997155
4.72871e-07	0.610126	0.611207	-0.000885298
4.70079e-07	0.607111	0.608294	-0.000973214
4.67319e-07	0.604616	0.605633	-0.0008399
4.64591e-07	0.602137	0.603188	-0.000872214
4.61896e-07	0.600141	0.601138	-0.000830026
4.59231e-07	0.598785	0.59961	-0.000688573
4.56597e-07	0.597498	0.597792	-0.000246493
4.53992e-07	0.593634	0.594088	-0.000381503
4.51418e-07	0.589765	0.590256	-0.000416178
4.48872e-07	0.586838	0.587228	-0.000332397
4.46355e-07	0.584206	0.584617	-0.000351602
4.43866e-07	0.581958	0.582353	-0.000339408
4.41405e-07	0.580047	0.580357	-0.0002677
4.38971e-07	0.578185	0.578567	-0.000330271
4.36563e-07	0.576703	0.576963	-0.00022561
4.34182e-07	0.575169	0.575483	-0.000272751
4.31826e-07	0.573856	0.574117	-0.000227797
4.29496e-07	0.572612	0.572827	-0.000187704
4.27191e-07	0.571338	0.571603	-0.000231466
4.24911e-07	0.570281	0.57042	-0.000121965
4.22655e-07	0.569057	0.569277	-0.000192496
4.20423e-07	0.568042	0.568156	-9.98847e-05
4.18214e-07	0.566949	0.567071	-0.000107797
4.16028e-07	0.565906	0.566019	-0.000100494
4.13865e-07	0.565002	0.565019	-1.53752e-05
4.11724e-07	0.563997	0.564085	-7.79192e-05
4.09605e-07	0.56327	0.56322	4.48657e-05
4.07509e-07	0.562451	0.562455	-4.11e-06
4.05433e-07	0.561859	0.561781	6.96977e-05
4.03378e-07	0.561361	0.561241	0.000107502
4.01345e-07	0.560942	0.560836	9.51514e-05
3.99331e-07	0.560864	0.560617	0.000220639
3.97338e-07	0.560836	0.560653	0.000162841
3.95364e-07	0.561579	0.561182	0.000353656
3.9341e-07	0.563215	0.562792	0.000375022
3.91475e-07	0.56663	0.566012	0.000545678
3.8956e-07	0.57239	0.571672	0.000627149
3.87662e-07	0.574319	0.573707	0.00053235
3.85784e-07	0.575571	0.57496	0.000531131
3.83923e-07	0.576645	0.575888	0.000656669
3.8208e-07	0.577332	0.576758	0.000497449
3.80255e-07	0.578128	0.577368	0.000657295
3.78447e-07	0.578481	0.57787	0.00052872
3.76656e-07	0.579076	0.578343	0.000633309
3.74882e-07	0.579185	0.578553	0.00054599
3.73125e-07	0.579485	0.578754	0.000631068
3.71384e-07	0.579427	0.57877	0.000567093
3.69659e-07	0.579338	0.578627	0.00061384
3.67951e-07	0.579174	0.578449	0.00062612
3.66258e-07	0.578717	0.578053	0.000574538
3.6458e-07	0.578454	0.577649	0.00069585
3.62918e-07	0.577787	0.577142	0.000558951
3.61271e-07	0.577422	0.576589	0.000721984
3.59639e-07	0.576789	0.576098	0.000599874
3.58021e-07	0.576392	0.575594	0.000692636
3.56418e-07	0.57601	0.575239	0.000669842
3.54829e-07	0.575747	0.575001	0.000648444
3.53254e-07	0.575761	0.574954	0.000701246
3.51694e-07	0.57614	0.57532	0.000712307
3.50147e-07	0.576921	0.576127	0.00068815
3.48613e-07	0.57816	0.577699	0.000399101
3.47093e-07	0.579064	0.578694	0.00031988
3.45586e-07	0.579946	0.57964	0.000263525
3.44092e-07	0.580848	0.580621	0.000195154
3.42611e-07	0.581787	0.581562	0.000192978
3.41143e-07	0.582703	0.582528	0.000150355
3.39687e-07	0.583522	0.583406	9.92884e-05
3.38244e-07	0.584324	0.584158	0.000141879
3.36812e-07	0.584878	0.58485	2.43225e-05
3.35393e-07	0.585411	0.585299	9.64475e-05
3.33986e-07	0.585693	0.585682	9.3913e-06
3.32591e-07	0.585891	0.585893	-1.18184e-06
3.31207e-07	0.586041	0.586004	3.13427e-05
3.29834e-07	0.586055	0.586171	-9.93322e-05
3.28473e-07	0.586346	0.58631	3.12579e-05
3.27123e-07	0.586656	0.586802	-0.000123952
3.25784e-07	0.587682	0.58769	-6.83946e-06
3.24457e-07	0.589256	0.589327	-6.02632e-05
3.23139e-07	0.590837	0.591266	-0.00036276
3.21833e-07	0.590386	0.590957	-0.00048318
3.20537e-07	0.58779	0.588324	-0.000453697
3.19251e-07	0.586234	0.586658	-0.000361902
3.17976e-07	0.584987	0.585612	-0.000534216
3.16711e-07	0.584368	0.584832	-0.000396945
3.15456e-07	0.583782	0.584371	-0.000504683
3.14211e-07	0.583518	0.584083	-0.000484332
3.12975e-07	0.583357	0.583861	-0.00043194
3.11749e-07	0.583104	0.583755	-0.000558155
3.10533e-07	0.583057	0.583509	-0.000387457
3.09326e-07	0.582618	0.583275	-0.000563318
3.08129e-07	0.582336	0.582814	-0.000410398
3.06941e-07	0.581638	0.582213	-0.000494141
3.05762e-07	0.580859	0.581418	-0.000481441
3.04592e-07	0.579903	0.580367	-0.00040047
3.03431e-07	0.578609	0.579234	-0.00053981
3.02278e-07	0.577447	0.57785	-0.000348768
3.01135e-07	0.575881	0.576491	-0.000529736
3e-07	0.574599	0.575026	-0.000371113
