1.2e-06	0.440483	0.448518	-0.00903736
1.18218e-06	0.48652	0.495675	-0.00932106
1.16488e-06	0.525781	0.535321	-0.00899112
1.14808e-06	0.552449	0.562633	-0.009133
1.13175e-06	0.563945	0.575354	-0.010014
1.11589e-06	0.562208	0.573514	-0.00995487
1.10046e-06	0.547139	0.558684	-0.0104408
1.08545e-06	0.519433	0.532872	-0.0127708
1.07085e-06	0.483703	0.498277	-0.0148421
1.05664e-06	0.443514	0.459309	-0.0174948
1.04279e-06	0.41036	0.428661	-0.0218119
1.02931e-06	0.418628	0.438166	-0.0228042
1.01617e-06	0.487066	0.505062	-0.0181383
1.00336e-06	0.502218	0.516447	-0.0139676
9.90871e-07	0.426832	0.437485	-0.0123253
9.78689e-07	0.33381	0.342913	-0.0134519
9.66802e-07	0.250931	0.260888	-0.0194537
9.552e-07	0.185366	0.195617	-0.0269063
9.43874e-07	0.137549	0.147833	-0.0360377
9.32813e-07	0.108135	0.118857	-0.0472378
9.22008e-07	0.101553	0.111103	-0.0449076
9.1145e-07	0.119816	0.127447	-0.0308632
9.01132e-07	0.162415	0.16763	-0.0158024
8.91045e-07	0.213414	0.212581	0.0019562
8.81181e-07	0.206818	0.19465	0.0303081
8.71533e-07	0.125859	0.104151	0.0943749
8.62094e-07	0.135496	0.112771	0.0915355
8.52857e-07	0.419127	0.428793	-0.0114004
8.43816e-07	0.489013	0.505904	-0.0169766
8.34965e-07	0.499122	0.512564	-0.0132872
8.26298e-07	0.502459	0.516006	-0.0133012
8.17808e-07	0.504128	0.527573	-0.0227244
8.09492e-07	0.512135	0.54043	-0.0268822
8.01342e-07	0.520897	0.550228	-0.027383
7.93355e-07	0.525833	0.559825	-0.0313105
7.85526e-07	0.534505	0.571185	-0.0331741
7.7785e-07	0.547291	0.582978	-0.031574
7.70323e-07	0.5607	0.594829	-0.0295353
7.62939e-07	0.579053	0.607368	-0.023866
7.55696e-07	0.601004	0.620052	-0.0155996
7.48589e-07	0.619181	0.631722	-0.0100256
7.41615e-07	0.632275	0.64023	-0.00625136
7.34769e-07	0.639093	0.642939	-0.00300014
7.28049e-07	0.636925	0.638749	-0.00142934
7.2145e-07	0.631059	0.629076	0.00157326
7.1497e-07	0.630863	0.62061	0.00819284
7.08605e-07	0.646932	0.628637	0.014343
7.02353e-07	0.68356	0.665795	0.0131653
6.9621e-07	0.661192	0.649717	0.00875306
6.90173e-07	0.654204	0.64725	0.00534349
6.84241e-07	0.651545	0.647148	0.00338615
6.78409e-07	0.650076	0.64765	0.00186944
6.72676e-07	0.648174	0.647317	0.000661128
6.67039e-07	0.646802	0.645516	0.000995161
6.61496e-07	0.645111	0.642733	0.001846
6.56044e-07	0.642496	0.640269	0.00173571
6.50681e-07	0.641126	0.638908	0.00173242
6.45405e-07	0.641003	0.637938	0.00239666
6.40214e-07	0.640462	0.636724	0.00292713
6.35106e-07	0.64047	0.636459	0.00314081
6.30079e-07	0.641595	0.637994	0.00281387
6.25131e-07	0.643057	0.640449	0.00203243
6.2026e-07	0.644956	0.642771	0.00169694
6.15464e-07	0.647119	0.645022	0.0016232
6.10742e-07	0.649726	0.648184	0.00118796
6.06091e-07	0.653828	0.653033	0.000608974
6.01511e-07	0.67055	0.671353	-0.000598357
5.97e-07	0.67982	0.681104	-0.000943675
5.92556e-07	0.68591	0.687539	-0.00118615
5.88177e-07	0.691658	0.693645	-0.00143391
5.83863e-07	0.697473	0.699111	-0.00117304
5.79612e-07	0.702751	0.704048	-0.000921661
5.75422e-07	0.707303	0.708876	-0.00111139
5.71292e-07	0.711868	0.713535	-0.00116933
5.67221e-07	0.716486	0.717789	-0.000908499
5.63208e-07	0.720401	0.721732	-0.000923123
5.59251e-07	0.723961	0.72552	-0.00107567
5.55349e-07	0.72764	0.72905	-0.000967751
5.51501e-07	0.730866	0.732186	-0.000901859
5.47706e-07	0.733725	0.735037	-0.000893675
5.43964e-07	0.736657	0.737765	-0.000751289
5.40271e-07	0.73916	0.740275	-0.000753767
5.36629e-07	0.741121	0.742323	-0.000810507
5.33036e-07	0.742887	0.74382	-0.000627739
5.2949e-07	0.744138	0.744884	-0.00050104
5.25991e-07	0.74482	0.745617	-0.000534496
5.22538e-07	0.745256	0.745981	-0.000485916
5.1913e-07	0.745255	0.745908	-0.000438133
5.15767e-07	0.744847	0.74545	-0.000404619
5.12446e-07	0.744321	0.74475	-0.000288075
5.09168e-07	0.743519	0.743919	-0.000269129
5.05932e-07	0.742536	0.74299	-0.000305713
5.02737e-07	0.741717	0.741998	-0.000189304
4.99582e-07	0.74113	0.74135	-0.000148023
4.96466e-07	0.739514	0.739382	8.89866e-05
4.93388e-07	0.73209	0.732028	4.2645e-05
4.90349e-07	0.72722	0.727144	5.27907e-05
4.87347e-07	0.723003	0.722886	8.08727e-05
4.84381e-07	0.719047	0.718917	9.02504e-05
4.81452e-07	0.71525	0.715121	8.99969e-05
4.78557e-07	0.711636	0.711479	0.000109902
4.75697e-07	0.708162	0.70799	0.000121805
4.72871e-07	0.704782	0.704636	0.000103586
4.70079e-07	0.701581	0.701408	0.000123926
4.67319e-07	0.698557	0.69833	0.000162601
4.64591e-07	0.695667	0.695446	0.000158176
4.61896e-07	0.693	0.692776	0.000161638
4.59231e-07	0.690545	0.690301	0.000176332
4.56597e-07	0.688251	0.688007	0.000177385
4.53992e-07	0.686192	0.685904	0.00020987
4.51418e-07	0.684342	0.684017	0.000237565
4.48872e-07	0.682659	0.682352	0.000225051
4.46355e-07	0.68121	0.680884	0.000239008
4.43866e-07	0.679961	0.679593	0.000271078
4.41405e-07	0.678877	0.678482	0.000291199
4.38971e-07	0.678013	0.677569	0.000327861
4.36563e-07	0.677327	0.676852	0.000351132
4.34182e-07	0.676807	0.676313	0.000364914
4.31826e-07	0.676536	0.675966	0.000421673
4.29496e-07	0.676603	0.675923	0.000502391
4.27191e-07	0.678756	0.677955	0.00059056
4.24911e-07	0.682991	0.682235	0.000553693
4.22655e-07	0.684039	0.683242	0.000582936
4.20423e-07	0.684217	0.683402	0.000595641
4.18214e-07	0.684005	0.683125	0.000643329
4.16028e-07	0.683551	0.682694	0.000627335
4.13865e-07	0.682996	0.682179	0.000598277
4.11724e-07	0.682437	0.681575	0.000631913
4.09605e-07	0.681805	0.680935	0.000638519
4.07509e-07	0.681162	0.68032	0.00061863
4.05433e-07	0.680602	0.679736	0.000636526
4.03378e-07	0.680042	0.67918	0.00063405
4.01345e-07	0.679522	0.678681	0.000619383
3.99331e-07	0.679137	0.678271	0.000638238
3.97338e-07	0.678818	0.677958	0.00063396
3.95364e-07	0.678593	0.677745	0.000625092
3.9341e-07	0.678525	0.677651	0.000644416
3.91475e-07	0.678533	0.677681	0.000628031
3.8956e-07	0.678637	0.677809	0.000610288
3.87662e-07	0.678861	0.678006	0.000629505
3.85784e-07	0.679097	0.67827	0.000609179
3.83923e-07	0.679386	0.678612	0.000570217
3.8208e-07	0.680229	0.679482	0.000549455
3.80255e-07	0.682506	0.68213	0.000275298
3.78447e-07	0.683448	0.683157	0.000213554
3.76656e-07	0.684122	0.683891	0.000169504
3.74882e-07	0.684515	0.684396	8.71521e-05
3.73125e-07	0.684719	0.684677	3.06708e-05
3.71384e-07	0.684814	0.684788	1.89191e-05
3.69659e-07	0.684733	0.684767	-2.47642e-05
3.67951e-07	0.684549	0.684633	-6.1595e-05
3.66258e-07	0.684323	0.684434	-8.14914e-05
3.6458e-07	0.684024	0.68423	-0.000150527
3.62918e-07	0.683792	0.684068	-0.000202094
3.61271e-07	0.683686	0.683999	-0.000229099
3.59639e-07	0.683659	0.684096	-0.000319735
3.58021e-07	0.683883	0.684433	-0.00040177
3.56418e-07	0.68445	0.68508	-0.00045986
3.54829e-07	0.685349	0.686162	-0.00059277
3.53254e-07	0.686943	0.687994	-0.000763991
3.51694e-07	0.689893	0.691246	-0.000979649
3.50147e-07	0.687529	0.688923	-0.00101236
3.48613e-07	0.686379	0.687811	-0.00104189
3.47093e-07	0.68578	0.68712	-0.000976085
3.45586e-07	0.685301	0.686662	-0.000992079
3.44092e-07	0.684906	0.68631	-0.00102427
3.42611e-07	0.684637	0.685968	-0.000971141
3.41143e-07	0.684272	0.685592	-0.000963664
3.39687e-07	0.68381	0.685156	-0.000983455
3.38244e-07	0.683323	0.684619	-0.000947315
3.36812e-07	0.682651	0.683932	-0.000937274
3.35393e-07	0.681825	0.683091	-0.00092766
3.33986e-07	0.680937	0.682135	-0.00087852
3.32591e-07	0.679888	0.681088	-0.000881779
3.31207e-07	0.678754	0.679953	-0.000882404
3.29834e-07	0.677646	0.678756	-0.000818811
3.28473e-07	0.676511	0.677583	-0.000791807
3.27123e-07	0.67546	0.676521	-0.000784431
3.25784e-07	0.674591	0.675605	-0.000751129
3.24457e-07	0.673841	0.674837	-0.000739069
3.23139e-07	0.673325	0.674256	-0.000690718
3.21833e-07	0.673099	0.673936	-0.000620993
3.20537e-07	0.673063	0.67392	-0.000636384
3.19251e-07	0.673326	0.674178	-0.000632117
3.17976e-07	0.673919	0.674673	-0.000558656
3.16711e-07	0.67472	0.675453	-0.000542857
3.15456e-07	0.675963	0.676723	-0.000562257
3.14211e-07	0.677271	0.678209	-0.000691872
3.12975e-07	0.676594	0.677712	-0.000826058
3.11749e-07	0.676298	0.677428	-0.000834634
3.10533e-07	0.676059	0.677114	-0.000780323
3.09326e-07	0.675575	0.676735	-0.00085804
3.08129e-07	0.674986	0.676227	-0.000918345
3.06941e-07	0.674311	0.675506	-0.000885646
3.05762e-07	0.673306	0.674557	-0.000928166
3.04592e-07	0.672179	0.673454	-0.000947645
3.03431e-07	0.671041	0.672281	-0.000923065
3.02278e-07	0.669713	0.671105	-0.00103828
3.01135e-07	0.668678	0.670175	-0.00111817
3e-07	0.66764	0.668991	-0.00101089
