1.2e-06	0.470888	0.475876	-0.00526833
1.18218e-06	0.508198	0.513483	-0.00517225
1.16488e-06	0.539179	0.544536	-0.00494311
1.14808e-06	0.560382	0.566901	-0.00578252
1.13175e-06	0.5705	0.577998	-0.00652892
1.11589e-06	0.569211	0.577153	-0.00692791
1.10046e-06	0.555597	0.564744	-0.00816454
1.08545e-06	0.528611	0.539622	-0.0103079
1.07085e-06	0.489707	0.504829	-0.0152045
1.05664e-06	0.451495	0.473657	-0.0239554
1.04279e-06	0.467772	0.497358	-0.0306549
1.02931e-06	0.545747	0.571806	-0.0233184
1.01617e-06	0.53581	0.552538	-0.0153697
1.00336e-06	0.472611	0.483887	-0.0117889
9.90871e-07	0.402203	0.411422	-0.0113314
9.78689e-07	0.333525	0.341546	-0.0118819
9.66802e-07	0.268463	0.276452	-0.0146597
9.552e-07	0.209724	0.218664	-0.0208683
9.43874e-07	0.160967	0.169546	-0.0259565
9.32813e-07	0.126484	0.1353	-0.0336774
9.22008e-07	0.11286	0.122298	-0.040136
9.1145e-07	0.128858	0.137614	-0.032859
9.01132e-07	0.167942	0.174583	-0.0193861
8.91045e-07	0.164364	0.165053	-0.00209072
8.81181e-07	0.0927062	0.0888649	0.0211561
8.71533e-07	0.0431346	0.0385391	0.056267
8.62094e-07	0.0413726	0.0362183	0.0664295
8.52857e-07	0.0776663	0.0734985	0.0275712
8.43816e-07	0.155429	0.148593	0.0224856
8.34965e-07	0.316939	0.321659	-0.00739084
8.26298e-07	0.340577	0.353105	-0.0180602
8.17808e-07	0.366947	0.383811	-0.0224637
8.09492e-07	0.39165	0.40776	-0.0201524
8.01342e-07	0.414207	0.434912	-0.0243841
7.93355e-07	0.438051	0.464815	-0.0296432
7.85526e-07	0.466097	0.490943	-0.0259618
7.7785e-07	0.497106	0.517892	-0.0204788
7.70323e-07	0.527122	0.544431	-0.016153
7.62939e-07	0.553687	0.567306	-0.012149
7.55696e-07	0.576873	0.587785	-0.00936953
7.48589e-07	0.596483	0.604029	-0.0062856
7.41615e-07	0.610472	0.615613	-0.00419321
7.34769e-07	0.61724	0.62252	-0.00425895
7.28049e-07	0.617346	0.622583	-0.00422363
7.2145e-07	0.611789	0.615641	-0.00313816
7.1497e-07	0.601255	0.602831	-0.00130866
7.08605e-07	0.587683	0.588268	-0.000497559
7.02353e-07	0.575872	0.576247	-0.0003251
6.9621e-07	0.580378	0.577439	0.00253823
6.90173e-07	0.591052	0.585355	0.00484237
6.84241e-07	0.591814	0.590014	0.0015228
6.78409e-07	0.585268	0.584797	0.000402117
6.72676e-07	0.580721	0.580501	0.000189476
6.67039e-07	0.577277	0.577329	-4.50016e-05
6.61496e-07	0.574571	0.574115	0.000396716
6.56044e-07	0.573366	0.572765	0.000524038
6.50681e-07	0.574616	0.573848	0.000668415
6.45405e-07	0.57749	0.576175	0.00114019
6.40214e-07	0.580492	0.579074	0.00122315
6.35106e-07	0.583921	0.582545	0.0011794
6.30079e-07	0.588163	0.587065	0.000934539
6.25131e-07	0.592805	0.592153	0.000550046
6.2026e-07	0.597495	0.597185	0.000259004
6.15464e-07	0.60231	0.602738	-0.000355709
6.10742e-07	0.607939	0.609132	-0.000980432
6.06091e-07	0.614798	0.616591	-0.0014557
6.01511e-07	0.622509	0.625034	-0.00202333
5.97e-07	0.630621	0.633722	-0.00245242
5.92556e-07	0.64236	0.64572	-0.00260831
5.88177e-07	0.659392	0.662585	-0.00241509
5.83863e-07	0.668148	0.671179	-0.00226302
5.79612e-07	0.675128	0.67821	-0.00227684
5.75422e-07	0.6812	0.684877	-0.00269135
5.71292e-07	0.686816	0.690669	-0.00279674
5.67221e-07	0.692078	0.695583	-0.00252576
5.63208e-07	0.696869	0.70021	-0.00239131
5.59251e-07	0.701127	0.704443	-0.00235885
5.55349e-07	0.704926	0.707913	-0.00211457
5.51501e-07	0.708372	0.711201	-0.00199258
5.47706e-07	0.711531	0.714372	-0.00199237
5.43964e-07	0.714385	0.716818	-0.00170019
5.40271e-07	0.716801	0.718981	-0.0015186
5.36629e-07	0.718623	0.720784	-0.00150177
5.33036e-07	0.719845	0.721739	-0.00131353
5.2949e-07	0.720622	0.722428	-0.00125148
5.25991e-07	0.721052	0.722715	-0.00115204
5.22538e-07	0.721092	0.72241	-0.000913274
5.1913e-07	0.720734	0.722071	-0.000926607
5.15767e-07	0.720128	0.721415	-0.000892986
5.12446e-07	0.719414	0.720467	-0.000731567
5.09168e-07	0.718554	0.719562	-0.000700961
5.05932e-07	0.717462	0.71837	-0.000632381
5.02737e-07	0.716207	0.717071	-0.000602751
4.99582e-07	0.714925	0.715774	-0.000593685
4.96466e-07	0.71363	0.714352	-0.000505548
4.93388e-07	0.712321	0.713027	-0.000495767
4.90349e-07	0.711445	0.712032	-0.000412773
4.87347e-07	0.709195	0.709113	5.8003e-05
4.84381e-07	0.701895	0.702167	-0.000194062
4.81452e-07	0.696388	0.696506	-8.49876e-05
4.78557e-07	0.691523	0.691586	-4.56065e-05
4.75697e-07	0.687072	0.687335	-0.000191518
4.72871e-07	0.683048	0.683188	-0.000102373
4.70079e-07	0.679326	0.67938	-3.95569e-05
4.67319e-07	0.675753	0.675863	-8.12493e-05
4.64591e-07	0.672358	0.67243	-5.3372e-05
4.61896e-07	0.66926	0.66937	-8.17424e-05
4.59231e-07	0.66645	0.66648	-2.25314e-05
4.56597e-07	0.663823	0.663777	3.4648e-05
4.53992e-07	0.661374	0.661432	-4.42969e-05
4.51418e-07	0.659193	0.659194	-5.09843e-07
4.48872e-07	0.657286	0.657216	5.31747e-05
4.46355e-07	0.655549	0.655488	4.67467e-05
4.43866e-07	0.65394	0.653832	8.31051e-05
4.41405e-07	0.652524	0.652452	5.5227e-05
4.38971e-07	0.651328	0.6512	9.8591e-05
4.36563e-07	0.650275	0.650045	0.000177111
4.34182e-07	0.649308	0.649133	0.000134957
4.31826e-07	0.648476	0.64826	0.000166652
4.29496e-07	0.647822	0.647531	0.000223987
4.27191e-07	0.647304	0.646985	0.000246515
4.24911e-07	0.646912	0.646516	0.000306681
4.22655e-07	0.646979	0.646579	0.000308807
4.20423e-07	0.647993	0.647384	0.000470371
4.18214e-07	0.649885	0.649026	0.000661438
4.16028e-07	0.654312	0.653581	0.000558749
4.13865e-07	0.655324	0.654745	0.000441862
4.11724e-07	0.655711	0.655206	0.000385415
4.09605e-07	0.655821	0.655192	0.000479437
4.07509e-07	0.655692	0.654829	0.000658644
4.05433e-07	0.655336	0.654585	0.000573041
4.03378e-07	0.654858	0.654224	0.000484123
4.01345e-07	0.654393	0.653636	0.000578571
3.99331e-07	0.654014	0.653321	0.000529924
3.97338e-07	0.653729	0.653024	0.00053911
3.95364e-07	0.653523	0.652646	0.000671376
3.9341e-07	0.653378	0.652557	0.00062881
3.91475e-07	0.653299	0.652523	0.000594554
3.8956e-07	0.653332	0.652508	0.000630946
3.87662e-07	0.653512	0.652698	0.000623275
3.85784e-07	0.653791	0.652912	0.000673091
3.83923e-07	0.654059	0.653142	0.000701411
3.8208e-07	0.654268	0.65342	0.000648503
3.80255e-07	0.654469	0.653668	0.000612663
3.78447e-07	0.654695	0.653868	0.000631761
3.76656e-07	0.655014	0.654161	0.000651585
3.74882e-07	0.655526	0.654662	0.000658794
3.73125e-07	0.656543	0.656038	0.00038477
3.71384e-07	0.656904	0.656489	0.000316344
3.69659e-07	0.656974	0.656661	0.000238186
3.67951e-07	0.656836	0.656585	0.000191011
3.66258e-07	0.656518	0.656362	0.000119285
3.6458e-07	0.656137	0.656161	-1.85184e-05
3.62918e-07	0.655805	0.655815	-7.2128e-06
3.61271e-07	0.655544	0.655554	-7.79181e-06
3.59639e-07	0.655339	0.655469	-9.94466e-05
3.58021e-07	0.655237	0.655356	-9.07582e-05
3.56418e-07	0.655338	0.655551	-0.000162882
3.54829e-07	0.655701	0.656007	-0.000233396
3.53254e-07	0.656321	0.656544	-0.000169988
3.51694e-07	0.657194	0.657548	-0.000269169
3.50147e-07	0.658373	0.658842	-0.000356533
3.48613e-07	0.659979	0.660396	-0.000315429
3.47093e-07	0.662614	0.663276	-0.00049946
3.45586e-07	0.665004	0.665908	-0.00067959
3.44092e-07	0.667567	0.668747	-0.000883237
3.42611e-07	0.664911	0.666151	-0.000931756
3.41143e-07	0.663466	0.664738	-0.000957663
3.39687e-07	0.662357	0.663639	-0.000966241
3.38244e-07	0.661333	0.662615	-0.00096822
3.36812e-07	0.660238	0.661459	-0.000923789
3.35393e-07	0.659035	0.660324	-0.00097742
3.33986e-07	0.657767	0.659086	-0.00100157
3.32591e-07	0.656462	0.657689	-0.000934005
3.31207e-07	0.65509	0.656331	-0.000946393
3.29834e-07	0.653643	0.654878	-0.000944087
3.28473e-07	0.652199	0.653417	-0.00093301
3.27123e-07	0.650861	0.652095	-0.000947794
3.25784e-07	0.649654	0.650791	-0.000874103
3.24457e-07	0.64856	0.649671	-0.000855645
3.23139e-07	0.647618	0.648772	-0.000890435
3.21833e-07	0.64692	0.648005	-0.000838275
3.20537e-07	0.646492	0.647528	-0.000800607
3.19251e-07	0.646262	0.647246	-0.000760666
3.17976e-07	0.646177	0.647118	-0.00072765
3.16711e-07	0.646268	0.647227	-0.000742093
3.15456e-07	0.646551	0.64741	-0.000663259
3.14211e-07	0.646939	0.647693	-0.000581775
3.12975e-07	0.647325	0.648071	-0.000575521
3.11749e-07	0.647707	0.648394	-0.00053027
3.10533e-07	0.648126	0.648738	-0.000471696
3.09326e-07	0.648487	0.649042	-0.000427787
3.08129e-07	0.649146	0.649689	-0.000417908
3.06941e-07	0.648068	0.648814	-0.000574933
3.05762e-07	0.646997	0.647799	-0.000619795
3.04592e-07	0.645889	0.646657	-0.000594393
3.03431e-07	0.644639	0.645447	-0.000626061
3.02278e-07	0.643215	0.644067	-0.000661923
3.01135e-07	0.641747	0.642686	-0.000731232
3e-07	0.640381	0.641338	-0.000747079
