1.2e-06	0.514461	0.515743	-0.00124391
1.18218e-06	0.521868	0.523212	-0.00128638
1.16488e-06	0.521472	0.522528	-0.00101145
1.14808e-06	0.512913	0.513751	-0.000815899
1.13175e-06	0.496365	0.496021	0.000346245
1.11589e-06	0.474254	0.47325	0.00105934
1.10046e-06	0.456504	0.453601	0.00318959
1.08545e-06	0.470017	0.465654	0.00466314
1.07085e-06	0.546699	0.540385	0.00580867
1.05664e-06	0.641948	0.636832	0.00400076
1.04279e-06	0.669001	0.666117	0.00216002
1.02931e-06	0.633857	0.633486	0.000292428
1.01617e-06	0.572828	0.573991	-0.0010144
1.00336e-06	0.503998	0.506132	-0.00211235
9.90871e-07	0.433376	0.435963	-0.00297587
9.78689e-07	0.362845	0.365846	-0.00411761
9.66802e-07	0.293606	0.297381	-0.00638739
9.552e-07	0.227324	0.231735	-0.00960872
9.43874e-07	0.166117	0.171329	-0.0154455
9.32813e-07	0.112304	0.118069	-0.0250233
9.22008e-07	0.0685577	0.0756097	-0.0489155
9.1145e-07	0.0384883	0.0475785	-0.105618
9.01132e-07	0.0272581	0.0401289	-0.190999
8.91045e-07	0.0409894	0.0609686	-0.195956
8.81181e-07	0.0751521	0.108133	-0.179945
8.71533e-07	0.0829107	0.120698	-0.185589
8.62094e-07	0.0455171	0.0681632	-0.199209
8.52857e-07	0.034273	0.0474339	-0.161075
8.43816e-07	0.0609585	0.0724191	-0.085926
8.34965e-07	0.107853	0.120128	-0.0538408
8.26298e-07	0.150845	0.165717	-0.0469786
8.17808e-07	0.20357	0.20908	-0.0133521
8.09492e-07	0.336622	0.336613	1.25977e-05
8.01342e-07	0.386043	0.321454	0.0912927
7.93355e-07	0.443599	0.452061	-0.00944829
7.85526e-07	0.465105	0.478005	-0.013678
7.7785e-07	0.484772	0.495656	-0.0111013
7.70323e-07	0.50169	0.50874	-0.00697707
7.62939e-07	0.514031	0.523435	-0.00906459
7.55696e-07	0.51937	0.526188	-0.00652118
7.48589e-07	0.516341	0.521293	-0.00477242
7.41615e-07	0.506041	0.506798	-0.000747321
7.34769e-07	0.492359	0.485178	0.00734547
7.28049e-07	0.480486	0.464594	0.0168147
7.2145e-07	0.471976	0.444911	0.0295174
7.1497e-07	0.465142	0.432361	0.0365248
7.08605e-07	0.458019	0.424155	0.0383871
7.02353e-07	0.450666	0.420976	0.0340623
6.9621e-07	0.445646	0.421874	0.0274028
6.90173e-07	0.446139	0.428624	0.0200227
6.84241e-07	0.454468	0.44412	0.0115155
6.78409e-07	0.470505	0.466103	0.00469897
6.72676e-07	0.492181	0.492924	-0.000753279
6.67039e-07	0.520418	0.52287	-0.00234979
6.61496e-07	0.540555	0.545266	-0.00433884
6.56044e-07	0.54561	0.548812	-0.00292521
6.50681e-07	0.546597	0.547925	-0.00121315
6.45405e-07	0.549717	0.549693	2.14145e-05
6.40214e-07	0.552781	0.552712	6.27562e-05
6.35106e-07	0.555754	0.556058	-0.000273521
6.30079e-07	0.558963	0.559858	-0.000800701
6.25131e-07	0.562332	0.563316	-0.000873834
6.2026e-07	0.56568	0.566797	-0.000986095
6.15464e-07	0.568717	0.57013	-0.00124079
6.10742e-07	0.571663	0.573439	-0.00155158
6.06091e-07	0.575216	0.577141	-0.00167053
6.01511e-07	0.579873	0.581649	-0.0015292
5.97e-07	0.58556	0.587447	-0.00160897
5.92556e-07	0.591875	0.593947	-0.00174697
5.88177e-07	0.598516	0.601004	-0.0020745
5.83863e-07	0.605325	0.607986	-0.00219296
5.79612e-07	0.612093	0.614985	-0.00235676
5.75422e-07	0.618501	0.621494	-0.00241313
5.71292e-07	0.624331	0.62745	-0.00249147
5.67221e-07	0.630983	0.634391	-0.00269346
5.63208e-07	0.640529	0.643053	-0.00196688
5.59251e-07	0.645379	0.647615	-0.00172912
5.55349e-07	0.649001	0.651102	-0.00161663
5.51501e-07	0.651919	0.653904	-0.00152035
5.47706e-07	0.654465	0.656407	-0.0014814
5.43964e-07	0.656784	0.658536	-0.00133209
5.40271e-07	0.658805	0.660387	-0.00119916
5.36629e-07	0.660344	0.661616	-0.000962418
5.33036e-07	0.661285	0.662484	-0.000906299
5.2949e-07	0.661658	0.66267	-0.000764047
5.25991e-07	0.661583	0.662583	-0.00075501
5.22538e-07	0.661165	0.662006	-0.000635941
5.1913e-07	0.660458	0.661269	-0.000613062
5.15767e-07	0.659512	0.660266	-0.000571674
5.12446e-07	0.658382	0.659102	-0.000546296
5.09168e-07	0.657102	0.657807	-0.000535893
5.05932e-07	0.655652	0.656257	-0.000461211
5.02737e-07	0.653988	0.65464	-0.00049824
4.99582e-07	0.652102	0.652673	-0.00043806
4.96466e-07	0.650031	0.650683	-0.000501015
4.93388e-07	0.647808	0.648308	-0.000385931
4.90349e-07	0.645422	0.645962	-0.000418584
4.87347e-07	0.64286	0.643272	-0.000320244
4.84381e-07	0.640166	0.64068	-0.000401229
4.81452e-07	0.637446	0.637852	-0.000318563
4.78557e-07	0.634801	0.635214	-0.000325121
4.75697e-07	0.632275	0.632518	-0.000192056
4.72871e-07	0.629899	0.630139	-0.000190264
4.70079e-07	0.62786	0.628078	-0.000174237
4.67319e-07	0.626331	0.625917	0.000330908
4.64591e-07	0.62183	0.621606	0.000180528
4.61896e-07	0.617213	0.617048	0.000133436
4.59231e-07	0.613488	0.613319	0.000138003
4.56597e-07	0.610219	0.610028	0.000156556
4.53992e-07	0.607296	0.607153	0.000117597
4.51418e-07	0.604704	0.60454	0.000136213
4.48872e-07	0.602426	0.602273	0.00012715
4.46355e-07	0.600407	0.600186	0.000184136
4.43866e-07	0.598589	0.5984	0.000157528
4.41405e-07	0.59695	0.596728	0.000186408
4.38971e-07	0.595495	0.59531	0.000155778
4.36563e-07	0.59421	0.593952	0.000217226
4.34182e-07	0.593047	0.592795	0.000213301
4.31826e-07	0.59196	0.591651	0.000260398
4.29496e-07	0.590929	0.590653	0.000233639
4.27191e-07	0.589967	0.589646	0.000272
4.24911e-07	0.589075	0.588745	0.000280214
4.22655e-07	0.588237	0.587843	0.000334885
4.20423e-07	0.587435	0.587026	0.000347692
4.18214e-07	0.586674	0.586239	0.000370649
4.16028e-07	0.585981	0.585523	0.000390512
4.13865e-07	0.585378	0.584883	0.00042289
4.11724e-07	0.584875	0.584313	0.000480443
4.09605e-07	0.584487	0.583897	0.000505382
4.07509e-07	0.584265	0.5836	0.000569615
4.05433e-07	0.584344	0.583679	0.000569551
4.03378e-07	0.585673	0.584754	0.000785494
4.01345e-07	0.586902	0.586099	0.000684581
3.99331e-07	0.593628	0.592158	0.00123943
3.97338e-07	0.595577	0.594494	0.000909891
3.95364e-07	0.596622	0.595541	0.000906207
3.9341e-07	0.597321	0.59623	0.000914153
3.91475e-07	0.59783	0.596863	0.000809609
3.8956e-07	0.598241	0.597363	0.000734506
3.87662e-07	0.598648	0.597831	0.000682784
3.85784e-07	0.599123	0.598382	0.00061832
3.83923e-07	0.599666	0.598795	0.000726954
3.8208e-07	0.600211	0.599343	0.000723522
3.80255e-07	0.600677	0.599725	0.000792769
3.78447e-07	0.60103	0.600143	0.000738424
3.76656e-07	0.601285	0.600457	0.000688772
3.74882e-07	0.601467	0.60065	0.000679278
3.73125e-07	0.601575	0.600806	0.000639641
3.71384e-07	0.601581	0.600723	0.000713594
3.69659e-07	0.601451	0.600638	0.000676503
3.67951e-07	0.601173	0.600295	0.000730787
3.66258e-07	0.600756	0.599963	0.000660375
3.6458e-07	0.600238	0.599452	0.000655547
3.62918e-07	0.599685	0.598978	0.000590111
3.61271e-07	0.599188	0.598492	0.000581269
3.59639e-07	0.599165	0.598369	0.000665053
3.58021e-07	0.599328	0.598667	0.00055198
3.56418e-07	0.599875	0.599511	0.000302872
3.54829e-07	0.599982	0.599807	0.000145878
3.53254e-07	0.600157	0.600097	5.01482e-05
3.51694e-07	0.600538	0.600518	1.65758e-05
3.50147e-07	0.601148	0.601152	-3.05195e-06
3.48613e-07	0.601927	0.601909	1.44936e-05
3.47093e-07	0.602798	0.602853	-4.61556e-05
3.45586e-07	0.603734	0.603895	-0.000132894
3.44092e-07	0.604759	0.605013	-0.000209304
3.42611e-07	0.605878	0.60617	-0.000240702
3.41143e-07	0.607024	0.607289	-0.000218535
3.39687e-07	0.608092	0.608386	-0.000241283
3.38244e-07	0.609024	0.609368	-0.000282175
3.36812e-07	0.609858	0.610325	-0.00038279
3.35393e-07	0.610709	0.611191	-0.000393919
3.33986e-07	0.611726	0.612215	-0.000400009
3.32591e-07	0.613509	0.613808	-0.000243519
3.31207e-07	0.614444	0.614947	-0.000409668
3.29834e-07	0.61637	0.617603	-0.000999368
3.28473e-07	0.611968	0.612985	-0.000830255
3.27123e-07	0.609022	0.60994	-0.000752607
3.25784e-07	0.606655	0.607647	-0.000816683
3.24457e-07	0.604652	0.60561	-0.000791362
3.23139e-07	0.602949	0.603964	-0.000841184
3.21833e-07	0.601553	0.602592	-0.000862338
3.20537e-07	0.600481	0.601496	-0.000844299
3.19251e-07	0.599707	0.600736	-0.000857242
3.17976e-07	0.599171	0.600125	-0.000795222
3.16711e-07	0.598823	0.599861	-0.000866451
3.15456e-07	0.598632	0.599606	-0.000812053
3.14211e-07	0.598574	0.599638	-0.000887631
3.12975e-07	0.598592	0.599541	-0.000792242
3.11749e-07	0.598603	0.599613	-0.000843396
3.10533e-07	0.598531	0.599462	-0.000777008
3.09326e-07	0.598335	0.599335	-0.000834357
3.08129e-07	0.597995	0.598954	-0.000800713
3.06941e-07	0.597489	0.598455	-0.000807713
3.05762e-07	0.596789	0.59774	-0.000795761
3.04592e-07	0.59589	0.596813	-0.000773723
3.03431e-07	0.594822	0.595785	-0.000809598
3.02278e-07	0.59364	0.59454	-0.000757059
3.01135e-07	0.592407	0.593368	-0.000810673
3e-07	0.591181	0.592059	-0.000741738
