1.2e-06	0.530316	0.53173	-0.00133192
1.18218e-06	0.550235	0.551858	-0.00147291
1.16488e-06	0.562728	0.564335	-0.00142583
1.14808e-06	0.566697	0.568398	-0.00149801
1.13175e-06	0.561153	0.562981	-0.00162542
1.11589e-06	0.545748	0.547722	-0.00180591
1.10046e-06	0.519966	0.522028	-0.00197925
1.08545e-06	0.486406	0.489066	-0.00272643
1.07085e-06	0.463909	0.466977	-0.00329631
1.05664e-06	0.508715	0.512655	-0.00385719
1.04279e-06	0.593777	0.597393	-0.00303586
1.02931e-06	0.594807	0.597659	-0.00239212
1.01617e-06	0.545591	0.54795	-0.00215719
1.00336e-06	0.48538	0.487714	-0.00239809
9.90871e-07	0.424211	0.42621	-0.0023501
9.78689e-07	0.363473	0.365607	-0.00292758
9.66802e-07	0.304063	0.306142	-0.00340734
9.552e-07	0.24679	0.248809	-0.00407479
9.43874e-07	0.19227	0.194334	-0.00533849
9.32813e-07	0.142258	0.144354	-0.00731083
9.22008e-07	0.0984312	0.100351	-0.00966008
9.1145e-07	0.0627001	0.064646	-0.01528
9.01132e-07	0.0383918	0.0399334	-0.0196822
8.91045e-07	0.0301307	0.0307014	-0.00938228
8.81181e-07	0.0425143	0.040754	0.0211399
8.71533e-07	0.0515738	0.0502025	0.013474
8.62094e-07	0.0510584	0.0560294	-0.0464196
8.52857e-07	0.0390612	0.0445314	-0.0654389
8.43816e-07	0.0446401	0.0477642	-0.0338091
8.34965e-07	0.078047	0.0800927	-0.0129357
8.26298e-07	0.129837	0.132626	-0.0106294
8.17808e-07	0.201049	0.204289	-0.00799345
8.09492e-07	0.324771	0.3294	-0.00707546
8.01342e-07	0.314421	0.292898	0.0354398
7.93355e-07	0.41253	0.421423	-0.0106632
7.85526e-07	0.441298	0.462459	-0.0234145
7.7785e-07	0.47089	0.477353	-0.00681554
7.70323e-07	0.495543	0.501676	-0.00615076
7.62939e-07	0.514226	0.520753	-0.00630606
7.55696e-07	0.534093	0.537759	-0.00342108
7.48589e-07	0.550849	0.551979	-0.00102449
7.41615e-07	0.557576	0.558669	-0.000979333
7.34769e-07	0.557559	0.559866	-0.00206449
7.28049e-07	0.550082	0.548873	0.00109994
7.2145e-07	0.532563	0.531919	0.000604993
7.1497e-07	0.511197	0.507736	0.00339655
7.08605e-07	0.490068	0.485723	0.00445326
7.02353e-07	0.469822	0.464756	0.00542143
6.9621e-07	0.45532	0.450957	0.00481469
6.90173e-07	0.449064	0.443762	0.00593902
6.84241e-07	0.45172	0.448489	0.00358835
6.78409e-07	0.464742	0.462804	0.00208969
6.72676e-07	0.484009	0.483921	9.14934e-05
6.67039e-07	0.509539	0.510371	-0.000815696
6.61496e-07	0.528592	0.529839	-0.00117878
6.56044e-07	0.535238	0.53594	-0.000655581
6.50681e-07	0.535909	0.536463	-0.000516312
6.45405e-07	0.538729	0.538632	8.9621e-05
6.40214e-07	0.542327	0.542288	3.56872e-05
6.35106e-07	0.545908	0.545961	-4.8537e-05
6.30079e-07	0.549838	0.550187	-0.000317412
6.25131e-07	0.55368	0.554102	-0.00038087
6.2026e-07	0.5576	0.558621	-0.000914521
6.15464e-07	0.562013	0.562784	-0.000685552
6.10742e-07	0.566304	0.567248	-0.000832143
6.06091e-07	0.571134	0.571818	-0.000598803
6.01511e-07	0.577449	0.577897	-0.000387677
5.97e-07	0.584645	0.5849	-0.000218441
5.92556e-07	0.592465	0.592946	-0.000406091
5.88177e-07	0.600632	0.600998	-0.00030459
5.83863e-07	0.608439	0.609251	-0.0006668
5.79612e-07	0.616052	0.617055	-0.000813901
5.75422e-07	0.623335	0.624576	-0.00099455
5.71292e-07	0.629815	0.631247	-0.00113519
5.67221e-07	0.637164	0.638603	-0.00112789
5.63208e-07	0.64706	0.64797	-0.000702943
5.59251e-07	0.651908	0.652753	-0.000647739
5.55349e-07	0.655561	0.656655	-0.000833445
5.51501e-07	0.658785	0.659641	-0.000649051
5.47706e-07	0.661544	0.662247	-0.000530549
5.43964e-07	0.663791	0.664507	-0.000539201
5.40271e-07	0.665532	0.666095	-0.000422782
5.36629e-07	0.666787	0.667308	-0.000390462
5.33036e-07	0.667386	0.667669	-0.000212139
5.2949e-07	0.667297	0.66772	-0.000317277
5.25991e-07	0.666891	0.667102	-0.000158294
5.22538e-07	0.666168	0.666384	-0.000162065
5.1913e-07	0.66508	0.66528	-0.0001503
5.15767e-07	0.664003	0.664211	-0.000156708
5.12446e-07	0.662835	0.662913	-5.90165e-05
5.09168e-07	0.661419	0.661628	-0.000158717
5.05932e-07	0.660031	0.660141	-8.29931e-05
5.02737e-07	0.658485	0.658568	-6.29453e-05
4.99582e-07	0.65664	0.656785	-0.000110199
4.96466e-07	0.654759	0.654833	-5.61103e-05
4.93388e-07	0.652654	0.652699	-3.49232e-05
4.90349e-07	0.650282	0.650368	-6.616e-05
4.87347e-07	0.647908	0.647937	-2.22195e-05
4.84381e-07	0.645362	0.645335	2.1471e-05
4.81452e-07	0.642714	0.642765	-3.95801e-05
4.78557e-07	0.640198	0.640097	7.86393e-05
4.75697e-07	0.637679	0.637653	2.07251e-05
4.72871e-07	0.635381	0.635232	0.000116911
4.70079e-07	0.633547	0.633447	7.89424e-05
4.67319e-07	0.631802	0.631347	0.000360256
4.64591e-07	0.627023	0.626724	0.000238058
4.61896e-07	0.622407	0.622074	0.000267698
4.59231e-07	0.618537	0.618239	0.000241034
4.56597e-07	0.615115	0.614841	0.000222564
4.53992e-07	0.612209	0.611916	0.000239766
4.51418e-07	0.609519	0.6092	0.000261758
4.48872e-07	0.607131	0.606892	0.000197082
4.46355e-07	0.605072	0.604704	0.000303918
4.43866e-07	0.603135	0.602879	0.000212183
4.41405e-07	0.601445	0.601104	0.000283903
4.38971e-07	0.599961	0.599649	0.000260506
4.36563e-07	0.598533	0.598184	0.000292195
4.34182e-07	0.597295	0.596993	0.000253078
4.31826e-07	0.59615	0.595734	0.000348725
4.29496e-07	0.595008	0.594709	0.000251821
4.27191e-07	0.594003	0.593573	0.000361335
4.24911e-07	0.593016	0.592653	0.000306445
4.22655e-07	0.592035	0.59161	0.000359474
4.20423e-07	0.591182	0.590786	0.000334771
4.18214e-07	0.590331	0.589844	0.000412348
4.16028e-07	0.589532	0.589137	0.000334534
4.13865e-07	0.58887	0.588328	0.000460667
4.11724e-07	0.588234	0.587788	0.000379357
4.09605e-07	0.587747	0.587185	0.000478185
4.07509e-07	0.587471	0.586951	0.000442444
4.05433e-07	0.587428	0.586816	0.000521078
4.03378e-07	0.588741	0.588106	0.00053901
4.01345e-07	0.589839	0.589073	0.000649439
3.99331e-07	0.596856	0.596123	0.000615046
3.97338e-07	0.599047	0.598081	0.000806669
3.95364e-07	0.600141	0.599424	0.000597548
3.9341e-07	0.60087	0.600324	0.000454782
3.91475e-07	0.601696	0.600863	0.00069277
3.8956e-07	0.602336	0.601578	0.000630062
3.87662e-07	0.602694	0.602036	0.000546485
3.85784e-07	0.603294	0.602631	0.000549394
3.83923e-07	0.603949	0.603162	0.000652166
3.8208e-07	0.604334	0.603633	0.000581049
3.80255e-07	0.604797	0.604182	0.000508684
3.78447e-07	0.605308	0.604483	0.00068159
3.76656e-07	0.605587	0.604947	0.00052848
3.74882e-07	0.605791	0.605031	0.000627935
3.73125e-07	0.605955	0.6053	0.000540512
3.71384e-07	0.605937	0.605123	0.000671898
3.69659e-07	0.605757	0.605129	0.000518686
3.67951e-07	0.605477	0.604696	0.000645229
3.66258e-07	0.605119	0.604451	0.000552456
3.6458e-07	0.604624	0.603846	0.000643485
3.62918e-07	0.604072	0.603464	0.000503887
3.61271e-07	0.603645	0.602876	0.000637177
3.59639e-07	0.603559	0.60287	0.000570908
3.58021e-07	0.603608	0.602998	0.000506282
3.56418e-07	0.604259	0.603849	0.000339736
3.54829e-07	0.604457	0.604061	0.000327667
3.53254e-07	0.604646	0.604403	0.000200954
3.51694e-07	0.605142	0.60483	0.000257829
3.50147e-07	0.605703	0.605483	0.0001814
3.48613e-07	0.606379	0.606261	9.68781e-05
3.47093e-07	0.607401	0.607213	0.000155127
3.45586e-07	0.608389	0.608267	0.000100586
3.44092e-07	0.609388	0.609385	1.95642e-06
3.42611e-07	0.610638	0.610556	6.75439e-05
3.41143e-07	0.611708	0.61167	3.10929e-05
3.39687e-07	0.612677	0.612791	-9.30321e-05
3.38244e-07	0.613801	0.613775	2.15008e-05
3.36812e-07	0.614679	0.614777	-7.92489e-05
3.35393e-07	0.61553	0.61567	-0.000114009
3.33986e-07	0.616701	0.616787	-6.97015e-05
3.32591e-07	0.618414	0.618544	-0.00010543
3.31207e-07	0.619577	0.619845	-0.000215956
3.29834e-07	0.622312	0.622722	-0.000328758
3.28473e-07	0.617747	0.618177	-0.000348307
3.27123e-07	0.614513	0.615	-0.000396239
3.25784e-07	0.6122	0.612655	-0.000371632
3.24457e-07	0.610141	0.610538	-0.000325851
3.23139e-07	0.608346	0.608895	-0.000450766
3.21833e-07	0.607048	0.607421	-0.000307458
3.20537e-07	0.605891	0.606368	-0.000393422
3.19251e-07	0.605004	0.605465	-0.000380682
3.17976e-07	0.604505	0.604922	-0.000344781
3.16711e-07	0.604063	0.604475	-0.000341548
3.15456e-07	0.603818	0.604295	-0.000395195
3.14211e-07	0.603782	0.604123	-0.000282078
3.12975e-07	0.603654	0.604093	-0.000363507
3.11749e-07	0.603579	0.603964	-0.000319232
3.10533e-07	0.603503	0.603857	-0.000293202
3.09326e-07	0.603195	0.603561	-0.000303515
3.08129e-07	0.60282	0.603193	-0.000309703
3.06941e-07	0.602296	0.602579	-0.000234215
3.05762e-07	0.601483	0.601841	-0.000297839
3.04592e-07	0.600575	0.600859	-0.000236269
3.03431e-07	0.599505	0.599776	-0.00022546
3.02278e-07	0.598247	0.598527	-0.000233578
3.01135e-07	0.597025	0.597274	-0.000208093
3e-07	0.59579	0.595992	-0.000169432
