1.2e-06	0.650813	0.652452	-0.00125803
1.18218e-06	0.656967	0.657965	-0.000759102
1.16488e-06	0.655558	0.656289	-0.000556821
1.14808e-06	0.646415	0.647285	-0.000672577
1.13175e-06	0.629356	0.629854	-0.000395255
1.11589e-06	0.604172	0.604465	-0.000243038
1.10046e-06	0.570615	0.571094	-0.000419592
1.08545e-06	0.52883	0.528245	0.000554047
1.07085e-06	0.482238	0.47916	0.00320168
1.05664e-06	0.450825	0.444398	0.00717919
1.04279e-06	0.493589	0.482993	0.0108502
1.02931e-06	0.585256	0.575216	0.00865146
1.01617e-06	0.583283	0.578339	0.00425636
1.00336e-06	0.521021	0.520375	0.000620308
9.90871e-07	0.446374	0.44743	-0.00118212
9.78689e-07	0.371795	0.37371	-0.00256875
9.66802e-07	0.299708	0.302908	-0.00531117
9.552e-07	0.231055	0.23462	-0.00765594
9.43874e-07	0.167225	0.170736	-0.0103892
9.32813e-07	0.110628	0.115213	-0.0203043
9.22008e-07	0.0652322	0.0705833	-0.0393995
9.1145e-07	0.0383003	0.0430341	-0.0582019
9.01132e-07	0.0399842	0.047634	-0.0873082
8.91045e-07	0.0469617	0.0724255	-0.213287
8.81181e-07	0.0504263	0.0781026	-0.215332
8.71533e-07	0.0682163	0.073457	-0.036991
8.62094e-07	0.187115	0.194535	-0.0194417
8.52857e-07	0.533809	0.531203	0.00244696
8.43816e-07	0.561264	0.57505	-0.0121317
8.34965e-07	0.551921	0.577842	-0.0229437
8.26298e-07	0.530684	0.568124	-0.0340732
8.17808e-07	0.504205	0.546149	-0.0399332
8.09492e-07	0.480638	0.52321	-0.0424094
8.01342e-07	0.468892	0.510919	-0.0428933
7.93355e-07	0.473495	0.509808	-0.0369294
7.85526e-07	0.491673	0.517601	-0.0256903
7.7785e-07	0.516185	0.533671	-0.0166559
7.70323e-07	0.539289	0.551424	-0.0111257
7.62939e-07	0.555352	0.562261	-0.0061825
7.55696e-07	0.561772	0.56492	-0.00279396
7.48589e-07	0.558939	0.561227	-0.00204225
7.41615e-07	0.549529	0.551045	-0.00137795
7.34769e-07	0.537639	0.536326	0.00122275
7.28049e-07	0.528351	0.521784	0.00625343
7.2145e-07	0.527825	0.513393	0.013861
7.1497e-07	0.539184	0.517875	0.0201587
7.08605e-07	0.561131	0.539777	0.019397
7.02353e-07	0.573826	0.560004	0.012191
6.9621e-07	0.56195	0.552916	0.0081028
6.90173e-07	0.557646	0.550845	0.00613536
6.84241e-07	0.557877	0.553947	0.00353469
6.78409e-07	0.56027	0.558382	0.00168788
6.72676e-07	0.563745	0.562222	0.00135225
6.67039e-07	0.567928	0.566598	0.00117215
6.61496e-07	0.572565	0.57164	0.000808529
6.56044e-07	0.57695	0.575971	0.000848492
6.50681e-07	0.580846	0.579768	0.000929325
6.45405e-07	0.58482	0.583929	0.000762251
6.40214e-07	0.588875	0.588037	0.000711382
6.35106e-07	0.592604	0.591923	0.000574851
6.30079e-07	0.595808	0.595858	-4.13457e-05
6.25131e-07	0.598596	0.599427	-0.00069369
6.2026e-07	0.601419	0.602742	-0.00109853
6.15464e-07	0.604349	0.606387	-0.00168324
6.10742e-07	0.607555	0.610568	-0.00247349
6.06091e-07	0.612295	0.615701	-0.0027734
6.01511e-07	0.625849	0.627703	-0.00147894
5.97e-07	0.63481	0.637521	-0.00213029
5.92556e-07	0.641503	0.644868	-0.00261608
5.88177e-07	0.647846	0.651509	-0.00281943
5.83863e-07	0.653982	0.657599	-0.0027582
5.79612e-07	0.659766	0.66313	-0.00254294
5.75422e-07	0.66505	0.668239	-0.0023916
5.71292e-07	0.669779	0.672931	-0.00234737
5.67221e-07	0.673953	0.676997	-0.00225331
5.63208e-07	0.677589	0.680495	-0.00213948
5.59251e-07	0.680753	0.683641	-0.00211652
5.55349e-07	0.683564	0.686413	-0.00207995
5.51501e-07	0.686138	0.688864	-0.00198315
5.47706e-07	0.688516	0.69121	-0.00195278
5.43964e-07	0.690651	0.693373	-0.00196617
5.40271e-07	0.692461	0.695144	-0.00193382
5.36629e-07	0.693878	0.696546	-0.00191887
5.33036e-07	0.694883	0.697552	-0.00191719
5.2949e-07	0.695484	0.698046	-0.00183813
5.25991e-07	0.695705	0.698146	-0.00175171
5.22538e-07	0.695573	0.697978	-0.00172581
5.1913e-07	0.695125	0.69747	-0.00168434
5.15767e-07	0.694408	0.696702	-0.00164899
5.12446e-07	0.693481	0.695812	-0.0016778
5.09168e-07	0.6924	0.694701	-0.00165925
5.05932e-07	0.691209	0.693371	-0.00156163
5.02737e-07	0.689966	0.692039	-0.00149992
4.99582e-07	0.68877	0.690655	-0.00136677
4.96466e-07	0.686387	0.687308	-0.000670631
4.93388e-07	0.68228	0.683191	-0.00066727
4.90349e-07	0.67828	0.679267	-0.000727009
4.87347e-07	0.674571	0.675517	-0.000701185
4.84381e-07	0.67098	0.671818	-0.000624234
4.81452e-07	0.667472	0.668298	-0.000618008
4.78557e-07	0.664036	0.664807	-0.000580864
4.75697e-07	0.660663	0.661294	-0.000477089
4.72871e-07	0.657356	0.657958	-0.000457839
4.70079e-07	0.654134	0.654774	-0.000488826
4.67319e-07	0.651036	0.651624	-0.000451829
4.64591e-07	0.648108	0.648677	-0.000439221
4.61896e-07	0.645389	0.646	-0.000473103
4.59231e-07	0.642898	0.643433	-0.000415915
4.56597e-07	0.640632	0.641054	-0.000329765
4.53992e-07	0.638576	0.639005	-0.000335232
4.51418e-07	0.636722	0.637133	-0.000323049
4.48872e-07	0.635073	0.635407	-0.000263396
4.46355e-07	0.633645	0.634009	-0.000287421
4.43866e-07	0.632458	0.632859	-0.00031754
4.41405e-07	0.631521	0.631816	-0.000233311
4.38971e-07	0.630831	0.631046	-0.000170463
4.36563e-07	0.630376	0.630596	-0.000174892
4.34182e-07	0.63016	0.630279	-9.48917e-05
4.31826e-07	0.630263	0.630242	1.68922e-05
4.29496e-07	0.631978	0.631865	8.94572e-05
4.27191e-07	0.633749	0.63361	0.000109027
4.24911e-07	0.636311	0.636053	0.000202462
4.22655e-07	0.641043	0.64077	0.000212592
4.20423e-07	0.642166	0.641953	0.000166196
4.18214e-07	0.642062	0.641733	0.000255906
4.16028e-07	0.641676	0.641263	0.00032149
4.13865e-07	0.641328	0.641017	0.000242439
4.11724e-07	0.641112	0.640871	0.000187972
4.09605e-07	0.641035	0.64072	0.000245624
4.07509e-07	0.641068	0.640664	0.000314446
4.05433e-07	0.64117	0.64071	0.000358722
4.03378e-07	0.641302	0.640812	0.000382559
4.01345e-07	0.641439	0.64095	0.000380943
3.99331e-07	0.641574	0.64104	0.000416316
3.97338e-07	0.641726	0.641132	0.00046259
3.95364e-07	0.641919	0.641395	0.000408322
3.9341e-07	0.642181	0.64172	0.000358511
3.91475e-07	0.642523	0.641946	0.000449311
3.8956e-07	0.642944	0.642294	0.000505696
3.87662e-07	0.643435	0.642887	0.000425664
3.85784e-07	0.643999	0.643458	0.000420609
3.83923e-07	0.645225	0.644525	0.000543235
3.8208e-07	0.646603	0.64605	0.000427766
3.80255e-07	0.64787	0.647518	0.000271722
3.78447e-07	0.64919	0.648861	0.000253705
3.76656e-07	0.650065	0.649665	0.000307067
3.74882e-07	0.650757	0.650444	0.000240809
3.73125e-07	0.651244	0.650952	0.000224489
3.71384e-07	0.651526	0.651198	0.00025195
3.69659e-07	0.65163	0.651424	0.000158029
3.67951e-07	0.651605	0.651521	6.43367e-05
3.66258e-07	0.651517	0.65141	8.23705e-05
3.6458e-07	0.651443	0.651394	3.72577e-05
3.62918e-07	0.651457	0.651553	-7.32291e-05
3.61271e-07	0.651632	0.651704	-5.51546e-05
3.59639e-07	0.652037	0.652037	2.47384e-07
3.58021e-07	0.652754	0.652829	-5.7922e-05
3.56418e-07	0.653912	0.654019	-8.17314e-05
3.54829e-07	0.655975	0.656015	-3.04055e-05
3.53254e-07	0.657623	0.657892	-0.0002048
3.51694e-07	0.660285	0.660859	-0.000434514
3.50147e-07	0.660408	0.660926	-0.000392494
3.48613e-07	0.66005	0.660476	-0.000322264
3.47093e-07	0.658423	0.658919	-0.000376868
3.45586e-07	0.657531	0.65808	-0.000417675
3.44092e-07	0.656928	0.657388	-0.000349798
3.42611e-07	0.656457	0.656873	-0.00031637
3.41143e-07	0.656016	0.656427	-0.000313143
3.39687e-07	0.655533	0.655881	-0.000265686
3.38244e-07	0.654953	0.655263	-0.000236881
3.36812e-07	0.654241	0.654556	-0.000240508
3.35393e-07	0.653383	0.653673	-0.000221973
3.33986e-07	0.652391	0.652685	-0.000225141
3.32591e-07	0.651295	0.651623	-0.000252039
3.31207e-07	0.650134	0.650422	-0.000221128
3.29834e-07	0.648955	0.649195	-0.00018496
3.28473e-07	0.647804	0.648069	-0.000204502
3.27123e-07	0.646726	0.646957	-0.000178559
3.25784e-07	0.645767	0.645919	-0.000117455
3.24457e-07	0.644977	0.645176	-0.000153897
3.23139e-07	0.644401	0.644658	-0.000199378
3.21833e-07	0.644081	0.644264	-0.000141456
3.20537e-07	0.644047	0.644213	-0.000128692
3.19251e-07	0.644315	0.644561	-0.000190834
3.17976e-07	0.644905	0.645095	-0.000147273
3.16711e-07	0.645865	0.646053	-0.000145763
3.15456e-07	0.646787	0.647086	-0.000231367
3.14211e-07	0.647436	0.64789	-0.000350741
3.12975e-07	0.647776	0.648128	-0.00027216
3.11749e-07	0.647099	0.647538	-0.000339839
3.10533e-07	0.646482	0.647061	-0.000447773
3.09326e-07	0.64583	0.646313	-0.000373625
3.08129e-07	0.645056	0.645443	-0.000300358
3.06941e-07	0.644108	0.644638	-0.000411301
3.05762e-07	0.642969	0.643542	-0.000445383
3.04592e-07	0.641654	0.642109	-0.000354504
3.03431e-07	0.640205	0.640765	-0.000437683
3.02278e-07	0.638766	0.639507	-0.000579704
3.01135e-07	0.637656	0.638299	-0.000503632
3e-07	0.636432	0.63704	-0.000477636
