1.2e-06	0.387132	0.391669	-0.00582599
1.18218e-06	0.434268	0.438919	-0.00532711
1.16488e-06	0.47533	0.479972	-0.00485918
1.14808e-06	0.504585	0.509563	-0.00490907
1.13175e-06	0.521077	0.525585	-0.004307
1.11589e-06	0.524349	0.52824	-0.00369695
1.10046e-06	0.514988	0.518996	-0.00387641
1.08545e-06	0.496364	0.499906	-0.00355587
1.07085e-06	0.470737	0.473552	-0.00298137
1.05664e-06	0.441395	0.444195	-0.0031625
1.04279e-06	0.420167	0.422133	-0.00233385
1.02931e-06	0.432398	0.432386	1.44228e-05
1.01617e-06	0.481782	0.481044	0.000765555
1.00336e-06	0.474144	0.474676	-0.000560787
9.90871e-07	0.40962	0.410854	-0.00150493
9.78689e-07	0.340772	0.34278	-0.0029389
9.66802e-07	0.280941	0.283418	-0.00439017
9.552e-07	0.230997	0.232951	-0.00421042
9.43874e-07	0.188796	0.190639	-0.00485938
9.32813e-07	0.154485	0.156401	-0.00616392
9.22008e-07	0.129709	0.130783	-0.00412511
9.1145e-07	0.114875	0.114841	0.000148522
9.01132e-07	0.111763	0.109894	0.00842996
8.91045e-07	0.121933	0.11565	0.0264468
8.81181e-07	0.132926	0.118848	0.0559149
8.71533e-07	0.100956	0.0832376	0.0961923
8.62094e-07	0.0637872	0.0543383	0.0799901
8.52857e-07	0.0766316	0.0746278	0.013248
8.43816e-07	0.116391	0.118072	-0.00717061
8.34965e-07	0.168073	0.1727	-0.0135796
8.26298e-07	0.22773	0.235438	-0.0166414
8.17808e-07	0.297924	0.304109	-0.0102739
8.09492e-07	0.420099	0.425605	-0.00651087
8.01342e-07	0.530092	0.5058	0.0234504
7.93355e-07	0.53171	0.561911	-0.0276154
7.85526e-07	0.531662	0.560301	-0.0262267
7.7785e-07	0.534519	0.561503	-0.02462
7.70323e-07	0.541152	0.567603	-0.0238572
7.62939e-07	0.553922	0.577877	-0.0211649
7.55696e-07	0.572421	0.590829	-0.0158245
7.48589e-07	0.58906	0.604752	-0.0131447
7.41615e-07	0.603323	0.617482	-0.0115983
7.34769e-07	0.615114	0.626521	-0.00918719
7.28049e-07	0.619128	0.629635	-0.00841416
7.2145e-07	0.61613	0.625687	-0.00769599
7.1497e-07	0.607974	0.615113	-0.0058362
7.08605e-07	0.595432	0.600348	-0.0041104
7.02353e-07	0.582381	0.585323	-0.00251927
6.9621e-07	0.572978	0.573516	-0.000468749
6.90173e-07	0.569112	0.567499	0.0014196
6.84241e-07	0.57172	0.56969	0.00177854
6.78409e-07	0.581727	0.580276	0.00124875
6.72676e-07	0.59649	0.59485	0.00137599
6.67039e-07	0.613003	0.610916	0.00170502
6.61496e-07	0.615827	0.614956	0.000707794
6.56044e-07	0.61376	0.61173	0.00165601
6.50681e-07	0.605931	0.604079	0.0015305
6.45405e-07	0.602573	0.600522	0.0017044
6.40214e-07	0.601801	0.59965	0.00179001
6.35106e-07	0.602601	0.60079	0.00150466
6.30079e-07	0.604161	0.602902	0.00104309
6.25131e-07	0.606196	0.605301	0.000738592
6.2026e-07	0.608872	0.608182	0.0005669
6.15464e-07	0.611967	0.611612	0.000290194
6.10742e-07	0.615096	0.615247	-0.000122624
6.06091e-07	0.61841	0.619057	-0.000522705
6.01511e-07	0.62241	0.623435	-0.000822593
5.97e-07	0.627485	0.628732	-0.000992375
5.92556e-07	0.633603	0.634889	-0.00101397
5.88177e-07	0.640176	0.641458	-0.000999944
5.83863e-07	0.646587	0.647964	-0.00106424
5.79612e-07	0.652764	0.654176	-0.00108089
5.75422e-07	0.658672	0.660024	-0.00102552
5.71292e-07	0.664012	0.665438	-0.00107252
5.67221e-07	0.670686	0.672202	-0.00112876
5.63208e-07	0.678597	0.679619	-0.000752921
5.59251e-07	0.683006	0.683761	-0.000552496
5.55349e-07	0.686089	0.686971	-0.00064224
5.51501e-07	0.68921	0.6897	-0.000355427
5.47706e-07	0.691496	0.692066	-0.000412209
5.43964e-07	0.693463	0.694034	-0.000412026
5.40271e-07	0.695267	0.695512	-0.000176505
5.36629e-07	0.696259	0.696437	-0.000127976
5.33036e-07	0.696698	0.69682	-8.75858e-05
5.2949e-07	0.696811	0.696737	5.30107e-05
5.25991e-07	0.696423	0.696299	8.88159e-05
5.22538e-07	0.695675	0.695617	4.15129e-05
5.1913e-07	0.694856	0.694776	5.74996e-05
5.15767e-07	0.693953	0.693826	9.15342e-05
5.12446e-07	0.692843	0.692783	4.2917e-05
5.09168e-07	0.691692	0.69164	3.78755e-05
5.05932e-07	0.690553	0.690375	0.000128665
5.02737e-07	0.689149	0.688967	0.000131772
4.99582e-07	0.687557	0.687399	0.000114734
4.96466e-07	0.685959	0.685662	0.000216593
4.93388e-07	0.684083	0.683759	0.000237192
4.90349e-07	0.681941	0.681699	0.00017691
4.87347e-07	0.679844	0.679504	0.000249574
4.84381e-07	0.677589	0.677204	0.000284262
4.81452e-07	0.675115	0.674837	0.000205721
4.78557e-07	0.672819	0.672459	0.000267763
4.75697e-07	0.670601	0.670136	0.000347118
4.72871e-07	0.668357	0.667961	0.000295722
4.70079e-07	0.66664	0.666146	0.000370094
4.67319e-07	0.664762	0.663756	0.000757579
4.64591e-07	0.660625	0.659989	0.00048175
4.61896e-07	0.656476	0.655868	0.000463357
4.59231e-07	0.653167	0.65246	0.000541384
4.56597e-07	0.650075	0.649479	0.000459071
4.53992e-07	0.647354	0.64683	0.000404513
4.51418e-07	0.645078	0.644463	0.000477032
4.48872e-07	0.64289	0.642341	0.000426754
4.46355e-07	0.640885	0.640431	0.000353777
4.43866e-07	0.63925	0.638703	0.000427976
4.41405e-07	0.63768	0.637129	0.000432126
4.38971e-07	0.636161	0.635688	0.000371885
4.36563e-07	0.634928	0.63436	0.00044776
4.34182e-07	0.633752	0.633128	0.000492851
4.31826e-07	0.632517	0.631974	0.000429108
4.29496e-07	0.631472	0.630885	0.000464994
4.27191e-07	0.63049	0.629847	0.000510161
4.24911e-07	0.629391	0.628849	0.000431091
4.22655e-07	0.628414	0.627882	0.000423537
4.20423e-07	0.627546	0.626942	0.000481199
4.18214e-07	0.626567	0.626026	0.000431838
4.16028e-07	0.625666	0.625137	0.00042318
4.13865e-07	0.624933	0.624286	0.000517824
4.11724e-07	0.62414	0.623493	0.000518389
4.09605e-07	0.623414	0.62279	0.000500914
4.07509e-07	0.622973	0.622225	0.000600613
4.05433e-07	0.62274	0.621932	0.000649462
4.03378e-07	0.62304	0.622354	0.000551485
4.01345e-07	0.623932	0.623142	0.000633509
3.99331e-07	0.629063	0.628116	0.000753651
3.97338e-07	0.630546	0.629862	0.000542281
3.95364e-07	0.631424	0.630658	0.000606639
3.9341e-07	0.631839	0.631094	0.000590357
3.91475e-07	0.632065	0.631372	0.000548379
3.8956e-07	0.632418	0.631613	0.000636947
3.87662e-07	0.632687	0.631886	0.000632985
3.85784e-07	0.633036	0.632219	0.000645997
3.83923e-07	0.633378	0.6326	0.000614948
3.8208e-07	0.63377	0.632997	0.000609858
3.80255e-07	0.634163	0.633375	0.000621508
3.78447e-07	0.634399	0.633702	0.00054968
3.76656e-07	0.634692	0.633948	0.000586267
3.74882e-07	0.634876	0.634089	0.000620415
3.73125e-07	0.634798	0.634104	0.000546969
3.71384e-07	0.634749	0.633978	0.000607443
3.69659e-07	0.63454	0.633709	0.000655294
3.67951e-07	0.634045	0.633308	0.0005815
3.66258e-07	0.633598	0.632797	0.00063199
3.6458e-07	0.633057	0.632215	0.000665312
3.62918e-07	0.632328	0.631611	0.000567223
3.61271e-07	0.63184	0.6311	0.000585417
3.59639e-07	0.632124	0.631315	0.000639724
3.58021e-07	0.632401	0.631701	0.000554018
3.56418e-07	0.633348	0.632923	0.000336058
3.54829e-07	0.633634	0.633228	0.000319856
3.53254e-07	0.63384	0.633508	0.000261985
3.51694e-07	0.634188	0.633904	0.000224072
3.50147e-07	0.634796	0.634454	0.000270108
3.48613e-07	0.635409	0.635158	0.000197641
3.47093e-07	0.6362	0.636	0.000157348
3.45586e-07	0.637155	0.636948	0.000162649
3.44092e-07	0.638071	0.637957	8.91943e-05
3.42611e-07	0.639014	0.638973	3.18483e-05
3.41143e-07	0.639965	0.639943	1.72978e-05
3.39687e-07	0.640814	0.640824	-7.27551e-06
3.38244e-07	0.641552	0.641595	-3.3121e-05
3.36812e-07	0.642225	0.642266	-3.22013e-05
3.35393e-07	0.64287	0.642894	-1.84519e-05
3.33986e-07	0.643549	0.643638	-6.87942e-05
3.32591e-07	0.644592	0.644724	-0.000101913
3.31207e-07	0.64542	0.645663	-0.000187778
3.29834e-07	0.647541	0.648097	-0.000428649
3.28473e-07	0.643755	0.644241	-0.000377582
3.27123e-07	0.641319	0.641706	-0.000301805
3.25784e-07	0.639242	0.63966	-0.000326388
3.24457e-07	0.637483	0.637942	-0.000359683
3.23139e-07	0.63619	0.636518	-0.000257799
3.21833e-07	0.63509	0.635386	-0.000233453
3.20537e-07	0.634192	0.634548	-0.000280348
3.19251e-07	0.633744	0.633991	-0.000194951
3.17976e-07	0.63347	0.633688	-0.000172067
3.16711e-07	0.633271	0.633598	-0.000258089
3.15456e-07	0.63341	0.633669	-0.000204183
3.14211e-07	0.63362	0.633834	-0.00016916
3.12975e-07	0.633703	0.634029	-0.000256963
3.11749e-07	0.633934	0.634187	-0.000199649
3.10533e-07	0.634108	0.634255	-0.000115411
3.09326e-07	0.633965	0.634186	-0.000174216
3.08129e-07	0.633806	0.633951	-0.000114651
3.06941e-07	0.633528	0.633533	-3.72324e-06
3.05762e-07	0.632847	0.632933	-6.73412e-05
3.04592e-07	0.632093	0.632168	-5.9425e-05
3.03431e-07	0.631307	0.631271	2.86554e-05
3.02278e-07	0.630217	0.630291	-5.87408e-05
3.01135e-07	0.62916	0.629288	-0.000101635
3e-07	0.628319	0.628332	-1.101e-05
