1.2e-06	0.547489	0.550051	-0.00233441
1.18218e-06	0.571796	0.57498	-0.00277685
1.16488e-06	0.587292	0.591012	-0.00315719
1.14808e-06	0.593815	0.597404	-0.00301263
1.13175e-06	0.590431	0.593906	-0.00293419
1.11589e-06	0.576554	0.580514	-0.00342276
1.10046e-06	0.553049	0.557344	-0.00386797
1.08545e-06	0.520942	0.52487	-0.00375674
1.07085e-06	0.482132	0.485994	-0.00398934
1.05664e-06	0.451697	0.456694	-0.00550115
1.04279e-06	0.483481	0.489787	-0.0064786
1.02931e-06	0.558053	0.56388	-0.00519359
1.01617e-06	0.541714	0.546571	-0.00446278
1.00336e-06	0.477793	0.482786	-0.00519825
9.90871e-07	0.408818	0.414019	-0.00632094
9.78689e-07	0.343606	0.348138	-0.0065504
9.66802e-07	0.282408	0.286253	-0.00676238
9.552e-07	0.225074	0.229092	-0.00884726
9.43874e-07	0.173678	0.177919	-0.0120595
9.32813e-07	0.131006	0.13463	-0.013641
9.22008e-07	0.0992112	0.101872	-0.0132336
9.1145e-07	0.0819779	0.083371	-0.00842492
9.01132e-07	0.0858424	0.0832361	0.0154146
8.91045e-07	0.100624	0.0888022	0.0624068
8.81181e-07	0.0655039	0.0529094	0.10636
8.71533e-07	0.0462211	0.0428611	0.0377179
8.62094e-07	0.0748382	0.0775454	-0.0177658
8.52857e-07	0.126393	0.130253	-0.0150384
8.43816e-07	0.24006	0.245433	-0.011068
8.34965e-07	0.524025	0.518519	0.00528153
8.26298e-07	0.508065	0.526671	-0.0179816
8.17808e-07	0.503593	0.530875	-0.0263724
8.09492e-07	0.496155	0.528482	-0.0315496
8.01342e-07	0.488461	0.525575	-0.0365998
7.93355e-07	0.488621	0.527418	-0.0381844
7.85526e-07	0.501999	0.536569	-0.033286
7.7785e-07	0.525327	0.552373	-0.025096
7.70323e-07	0.550723	0.571769	-0.0187488
7.62939e-07	0.573792	0.591069	-0.0148319
7.55696e-07	0.593937	0.607144	-0.0109963
7.48589e-07	0.609402	0.617896	-0.00692059
7.41615e-07	0.616209	0.621825	-0.00453611
7.34769e-07	0.612517	0.617757	-0.00425874
7.28049e-07	0.600502	0.604992	-0.00372416
7.2145e-07	0.583919	0.584914	-0.000850539
7.1497e-07	0.56796	0.563731	0.00373667
7.08605e-07	0.560133	0.551421	0.00783714
7.02353e-07	0.565657	0.55364	0.0107362
6.9621e-07	0.589219	0.573368	0.0136339
6.90173e-07	0.601886	0.589175	0.0106716
6.84241e-07	0.592224	0.586377	0.00496157
6.78409e-07	0.582429	0.578098	0.00373228
6.72676e-07	0.576522	0.573417	0.00270095
6.67039e-07	0.57247	0.570089	0.00208369
6.61496e-07	0.570041	0.568238	0.00158394
6.56044e-07	0.569878	0.56871	0.00102585
6.50681e-07	0.571784	0.571156	0.000549502
6.45405e-07	0.57469	0.574268	0.000367659
6.40214e-07	0.577938	0.577475	0.000400105
6.35106e-07	0.581651	0.581176	0.000408531
6.30079e-07	0.585841	0.585484	0.00030497
6.25131e-07	0.590123	0.589919	0.000172992
6.2026e-07	0.594485	0.594324	0.000135306
6.15464e-07	0.599252	0.599063	0.000157493
6.10742e-07	0.604488	0.604412	6.25877e-05
6.06091e-07	0.610175	0.610481	-0.000250832
6.01511e-07	0.616339	0.617155	-0.000661469
5.97e-07	0.622903	0.624044	-0.000915404
5.92556e-07	0.632333	0.634204	-0.00147733
5.88177e-07	0.645833	0.64616	-0.000252668
5.83863e-07	0.65313	0.653853	-0.000552931
5.79612e-07	0.659313	0.660363	-0.000795785
5.75422e-07	0.664765	0.666119	-0.00101706
5.71292e-07	0.669763	0.671283	-0.00113371
5.67221e-07	0.674455	0.675939	-0.00109919
5.63208e-07	0.678642	0.680096	-0.00106976
5.59251e-07	0.682118	0.683753	-0.00119678
5.55349e-07	0.685112	0.686969	-0.00135333
5.51501e-07	0.68803	0.689844	-0.00131635
5.47706e-07	0.690879	0.692449	-0.00113497
5.43964e-07	0.693333	0.694782	-0.00104379
5.40271e-07	0.695284	0.69678	-0.00107474
5.36629e-07	0.6969	0.698363	-0.00104859
5.33036e-07	0.698198	0.699482	-0.000918259
5.2949e-07	0.698981	0.700133	-0.000823731
5.25991e-07	0.699232	0.700362	-0.000807535
5.22538e-07	0.699184	0.70024	-0.000754817
5.1913e-07	0.698947	0.699839	-0.000637715
5.15767e-07	0.698419	0.699214	-0.000568988
5.12446e-07	0.697577	0.698391	-0.000582678
5.09168e-07	0.696564	0.697374	-0.000580954
5.05932e-07	0.695432	0.69616	-0.000523164
5.02737e-07	0.694089	0.694749	-0.000475138
4.99582e-07	0.692524	0.693161	-0.000459749
4.96466e-07	0.690849	0.691444	-0.000430728
4.93388e-07	0.689147	0.689681	-0.000387353
4.90349e-07	0.687618	0.688059	-0.000320185
4.87347e-07	0.685218	0.685128	6.58741e-05
4.84381e-07	0.679757	0.679952	-0.000143489
4.81452e-07	0.675226	0.675319	-6.86592e-05
4.78557e-07	0.671047	0.671158	-8.22901e-05
4.75697e-07	0.667086	0.667246	-0.000120556
4.72871e-07	0.663416	0.663525	-8.2241e-05
4.70079e-07	0.659979	0.659985	-4.83525e-06
4.67319e-07	0.656652	0.656639	9.90499e-06
4.64591e-07	0.653475	0.653498	-1.79287e-05
4.61896e-07	0.650568	0.65057	-1.81151e-06
4.59231e-07	0.647909	0.647858	3.91155e-05
4.56597e-07	0.645403	0.645363	3.12701e-05
4.53992e-07	0.643086	0.643081	4.33126e-06
4.51418e-07	0.641051	0.641006	3.47297e-05
4.48872e-07	0.639253	0.639133	9.42219e-05
4.46355e-07	0.637594	0.637456	0.000108804
4.43866e-07	0.6361	0.635967	0.000104021
4.41405e-07	0.634845	0.634661	0.000145219
4.38971e-07	0.633781	0.633527	0.000200549
4.36563e-07	0.632812	0.632553	0.000205122
4.34182e-07	0.631969	0.631724	0.000193919
4.31826e-07	0.631327	0.631029	0.000235857
4.29496e-07	0.630842	0.63046	0.000302837
4.27191e-07	0.630441	0.630023	0.000331852
4.24911e-07	0.630205	0.629763	0.000351115
4.22655e-07	0.630485	0.629948	0.00042595
4.20423e-07	0.631921	0.63123	0.000547243
4.18214e-07	0.634155	0.633124	0.000813422
4.16028e-07	0.638777	0.638236	0.000423611
4.13865e-07	0.639768	0.639033	0.000574537
4.11724e-07	0.640101	0.639269	0.000650177
4.09605e-07	0.640126	0.639314	0.00063479
4.07509e-07	0.639999	0.639206	0.000619807
4.05433e-07	0.639783	0.638963	0.000641709
4.03378e-07	0.639477	0.638652	0.000645418
4.01345e-07	0.639154	0.63836	0.000621004
3.99331e-07	0.63897	0.638147	0.000644274
3.97338e-07	0.638951	0.638028	0.000722438
3.95364e-07	0.638947	0.637994	0.000745883
3.9341e-07	0.638901	0.638035	0.000677527
3.91475e-07	0.638972	0.638154	0.000640491
3.8956e-07	0.63927	0.638358	0.000713756
3.87662e-07	0.639661	0.638653	0.00078855
3.85784e-07	0.639982	0.639021	0.000751648
3.83923e-07	0.640291	0.639428	0.000673728
3.8208e-07	0.640698	0.639832	0.000676883
3.80255e-07	0.641137	0.640196	0.00073424
3.78447e-07	0.641469	0.640513	0.000745869
3.76656e-07	0.642037	0.641134	0.000703881
3.74882e-07	0.642655	0.641632	0.000797071
3.73125e-07	0.644197	0.643477	0.00055907
3.71384e-07	0.64471	0.644152	0.000432303
3.69659e-07	0.644818	0.644405	0.000320389
3.67951e-07	0.644761	0.644455	0.000237289
3.66258e-07	0.644593	0.644348	0.000190082
3.6458e-07	0.644343	0.644136	0.000160973
3.62918e-07	0.644102	0.643897	0.000159098
3.61271e-07	0.643935	0.643715	0.000170757
3.59639e-07	0.643829	0.643659	0.000131984
3.58021e-07	0.643818	0.643778	3.11229e-05
3.56418e-07	0.644038	0.6441	-4.84686e-05
3.54829e-07	0.644567	0.644648	-6.31943e-05
3.53254e-07	0.645339	0.645447	-8.34394e-05
3.51694e-07	0.646333	0.646532	-0.000154132
3.50147e-07	0.647705	0.647965	-0.000200254
3.48613e-07	0.649695	0.649896	-0.000154792
3.47093e-07	0.652405	0.652679	-0.000210312
3.45586e-07	0.654823	0.655388	-0.000431368
3.44092e-07	0.657699	0.658603	-0.000686664
3.42611e-07	0.655134	0.655996	-0.000657414
3.41143e-07	0.653791	0.65465	-0.000656805
3.39687e-07	0.652681	0.653559	-0.000672496
3.38244e-07	0.651645	0.652514	-0.000666683
3.36812e-07	0.650638	0.651426	-0.000604908
3.35393e-07	0.64953	0.650257	-0.00055935
3.33986e-07	0.648235	0.648996	-0.000586562
3.32591e-07	0.646862	0.647651	-0.00060916
3.31207e-07	0.645526	0.646244	-0.000555318
3.29834e-07	0.644163	0.644812	-0.00050327
3.28473e-07	0.642708	0.643399	-0.000537062
3.27123e-07	0.641313	0.642051	-0.000575358
3.25784e-07	0.640158	0.640816	-0.000513474
3.24457e-07	0.6392	0.63974	-0.000422704
3.23139e-07	0.638327	0.638863	-0.00041969
3.21833e-07	0.637649	0.638216	-0.000444066
3.20537e-07	0.637335	0.637813	-0.000374281
3.19251e-07	0.637308	0.637652	-0.000269352
3.17976e-07	0.637371	0.637713	-0.000268103
3.16711e-07	0.637546	0.637962	-0.000325918
3.15456e-07	0.637981	0.638353	-0.000291684
3.14211e-07	0.638599	0.638838	-0.000186704
3.12975e-07	0.639174	0.639374	-0.000156745
3.11749e-07	0.6397	0.639943	-0.000189879
3.10533e-07	0.640379	0.640611	-0.000181102
3.09326e-07	0.640857	0.641012	-0.000120743
3.08129e-07	0.641818	0.641921	-8.07398e-05
3.06941e-07	0.640421	0.640808	-0.000302251
3.05762e-07	0.639142	0.63964	-0.000389576
3.04592e-07	0.637915	0.638393	-0.000373861
3.03431e-07	0.63652	0.637028	-0.000398541
3.02278e-07	0.634923	0.635565	-0.000505406
3.01135e-07	0.633362	0.634056	-0.000547437
3e-07	0.631976	0.632572	-0.000471424
