1.2e-06	0.436271	0.441028	-0.00542163
1.18218e-06	0.467925	0.473756	-0.00619244
1.16488e-06	0.496805	0.502892	-0.00608839
1.14808e-06	0.518496	0.525685	-0.0068854
1.13175e-06	0.531238	0.539442	-0.00766278
1.11589e-06	0.533905	0.543292	-0.00871469
1.10046e-06	0.523212	0.534855	-0.0110043
1.08545e-06	0.500762	0.515543	-0.0145441
1.07085e-06	0.467571	0.487186	-0.0205452
1.05664e-06	0.443769	0.472253	-0.031096
1.04279e-06	0.487972	0.521564	-0.0332754
1.02931e-06	0.581545	0.609503	-0.0234739
1.01617e-06	0.595232	0.611038	-0.0131028
1.00336e-06	0.546507	0.557015	-0.00952208
9.90871e-07	0.480541	0.487984	-0.00768546
9.78689e-07	0.411677	0.417865	-0.0074595
9.66802e-07	0.342054	0.348274	-0.00901025
9.552e-07	0.275596	0.281502	-0.0106023
9.43874e-07	0.211989	0.218404	-0.014904
9.32813e-07	0.154127	0.161189	-0.0223981
9.22008e-07	0.104861	0.112414	-0.0347644
9.1145e-07	0.0669385	0.0756778	-0.0612781
9.01132e-07	0.048268	0.0577215	-0.0891921
8.91045e-07	0.0601441	0.0687635	-0.0668651
8.81181e-07	0.095113	0.0968454	-0.00902502
8.71533e-07	0.0767004	0.0710126	0.0385054
8.62094e-07	0.0422954	0.0367068	0.0707395
8.52857e-07	0.0357581	0.0329219	0.041295
8.43816e-07	0.0495768	0.0504978	-0.00920267
8.34965e-07	0.0714366	0.0718672	-0.00300461
8.26298e-07	0.10657	0.105622	0.00446884
8.17808e-07	0.161185	0.157757	0.0107488
8.09492e-07	0.233539	0.232505	0.0022168
8.01342e-07	0.264106	0.281549	-0.0319686
7.93355e-07	0.329886	0.348223	-0.0270423
7.85526e-07	0.365646	0.38006	-0.0193288
7.7785e-07	0.394671	0.405283	-0.0132667
7.70323e-07	0.428143	0.431496	-0.00390022
7.62939e-07	0.456721	0.458939	-0.00242225
7.55696e-07	0.484225	0.48326	0.000996969
7.48589e-07	0.510526	0.50519	0.00525319
7.41615e-07	0.529458	0.523964	0.00521527
7.34769e-07	0.545227	0.537022	0.00758112
7.28049e-07	0.553095	0.545902	0.00654456
7.2145e-07	0.554013	0.545788	0.00747846
7.1497e-07	0.550062	0.543115	0.00635521
7.08605e-07	0.540339	0.535259	0.00472287
7.02353e-07	0.527331	0.525809	0.00144562
6.9621e-07	0.509722	0.51057	-0.000830906
6.90173e-07	0.492429	0.496317	-0.00393214
6.84241e-07	0.480401	0.485606	-0.00538798
6.78409e-07	0.47706	0.483705	-0.00691612
6.72676e-07	0.484043	0.490104	-0.00622145
6.67039e-07	0.49935	0.505226	-0.00584858
6.61496e-07	0.514425	0.52031	-0.00568755
6.56044e-07	0.522577	0.52674	-0.00396754
6.50681e-07	0.526237	0.52966	-0.00324257
6.45405e-07	0.531426	0.533417	-0.00186973
6.40214e-07	0.536749	0.538494	-0.00162314
6.35106e-07	0.542727	0.544006	-0.00117721
6.30079e-07	0.548992	0.55024	-0.0011347
6.25131e-07	0.554944	0.55554	-0.000536854
6.2026e-07	0.561032	0.561456	-0.00037789
6.15464e-07	0.566584	0.567091	-0.000447353
6.10742e-07	0.572449	0.573686	-0.00107986
6.06091e-07	0.578867	0.580224	-0.00117005
6.01511e-07	0.586098	0.588052	-0.00166408
5.97e-07	0.594024	0.596161	-0.00179548
5.92556e-07	0.601979	0.605088	-0.00257593
5.88177e-07	0.609999	0.613282	-0.00268378
5.83863e-07	0.617472	0.621222	-0.00302744
5.79612e-07	0.624949	0.62855	-0.00287318
5.75422e-07	0.632475	0.636012	-0.00278878
5.71292e-07	0.639845	0.643219	-0.00262919
5.67221e-07	0.649356	0.65228	-0.0022464
5.63208e-07	0.662478	0.665328	-0.00214668
5.59251e-07	0.669297	0.672014	-0.00202581
5.55349e-07	0.674511	0.677432	-0.00216033
5.51501e-07	0.679292	0.681933	-0.0019403
5.47706e-07	0.683311	0.685477	-0.00158174
5.43964e-07	0.68644	0.688901	-0.00178986
5.40271e-07	0.68958	0.691348	-0.00128014
5.36629e-07	0.691627	0.693431	-0.00130205
5.33036e-07	0.693119	0.694825	-0.00122941
5.2949e-07	0.694335	0.695555	-0.000877496
5.25991e-07	0.694532	0.69604	-0.00108419
5.22538e-07	0.694741	0.695768	-0.000738571
5.1913e-07	0.694398	0.695585	-0.000853992
5.15767e-07	0.693688	0.694683	-0.000716883
5.12446e-07	0.693011	0.693991	-0.000705975
5.09168e-07	0.691772	0.692664	-0.000644439
5.05932e-07	0.690587	0.691509	-0.000666677
5.02737e-07	0.689087	0.68983	-0.000538543
4.99582e-07	0.687343	0.688223	-0.000639517
4.96466e-07	0.685577	0.686232	-0.000477062
4.93388e-07	0.683459	0.684229	-0.000563002
4.90349e-07	0.681368	0.681998	-0.000462629
4.87347e-07	0.679098	0.679728	-0.000464025
4.84381e-07	0.6768	0.677394	-0.000438464
4.81452e-07	0.674557	0.675076	-0.000383903
4.78557e-07	0.672366	0.672865	-0.000371121
4.75697e-07	0.670427	0.670847	-0.00031299
4.72871e-07	0.668786	0.66914	-0.000264368
4.70079e-07	0.667983	0.668247	-0.000197601
4.67319e-07	0.66773	0.667537	0.00014518
4.64591e-07	0.661456	0.661244	0.000160187
4.61896e-07	0.655647	0.655536	8.4927e-05
4.59231e-07	0.650903	0.65078	9.43763e-05
4.56597e-07	0.64698	0.646952	2.13612e-05
4.53992e-07	0.643579	0.643445	0.000104091
4.51418e-07	0.640484	0.6405	-1.22519e-05
4.48872e-07	0.63789	0.637749	0.000110562
4.46355e-07	0.63543	0.635438	-6.30918e-06
4.43866e-07	0.633364	0.63325	8.97126e-05
4.41405e-07	0.631459	0.631414	3.54928e-05
4.38971e-07	0.629724	0.629649	5.96134e-05
4.36563e-07	0.628256	0.628159	7.73079e-05
4.34182e-07	0.626769	0.626694	5.95411e-05
4.31826e-07	0.625525	0.625414	8.80608e-05
4.29496e-07	0.624253	0.624126	0.000101497
4.27191e-07	0.623048	0.622948	8.00743e-05
4.24911e-07	0.621954	0.621765	0.000152303
4.22655e-07	0.62077	0.62065	9.70099e-05
4.20423e-07	0.619782	0.619568	0.000172633
4.18214e-07	0.618726	0.618527	0.000161247
4.16028e-07	0.617774	0.617568	0.000166697
4.13865e-07	0.616933	0.61663	0.000245362
4.11724e-07	0.616054	0.615832	0.00017965
4.09605e-07	0.615437	0.615061	0.000305545
4.07509e-07	0.614834	0.614533	0.000244292
4.05433e-07	0.614573	0.61416	0.00033561
4.03378e-07	0.615623	0.615171	0.000367292
4.01345e-07	0.616304	0.615692	0.000496954
3.99331e-07	0.621693	0.621034	0.000530001
3.97338e-07	0.623192	0.622543	0.000521147
3.95364e-07	0.624118	0.623676	0.000354125
3.9341e-07	0.625044	0.624521	0.000418144
3.91475e-07	0.625644	0.625081	0.000450249
3.8956e-07	0.626133	0.6257	0.000345483
3.87662e-07	0.62664	0.626175	0.000371384
3.85784e-07	0.627096	0.626554	0.000432348
3.83923e-07	0.627379	0.626995	0.000305936
3.8208e-07	0.627715	0.627207	0.000404473
3.80255e-07	0.627991	0.627517	0.000377528
3.78447e-07	0.628035	0.627615	0.000333859
3.76656e-07	0.628209	0.627704	0.000402106
3.74882e-07	0.62814	0.627686	0.000361553
3.73125e-07	0.62795	0.627503	0.000355911
3.71384e-07	0.62781	0.627319	0.000391245
3.69659e-07	0.62733	0.626869	0.000367279
3.67951e-07	0.62691	0.626483	0.000340883
3.66258e-07	0.626366	0.625838	0.00042142
3.6458e-07	0.625656	0.625285	0.000296209
3.62918e-07	0.625097	0.624588	0.000407561
3.61271e-07	0.624415	0.62402	0.000316708
3.59639e-07	0.624225	0.623838	0.000310202
3.58021e-07	0.624139	0.623936	0.00016211
3.56418e-07	0.62445	0.624515	-5.27086e-05
3.54829e-07	0.62466	0.624713	-4.24287e-05
3.53254e-07	0.624844	0.624992	-0.00011796
3.51694e-07	0.625177	0.625385	-0.000166828
3.50147e-07	0.62569	0.625955	-0.000211974
3.48613e-07	0.626318	0.62664	-0.000257404
3.47093e-07	0.627081	0.627467	-0.000307796
3.45586e-07	0.627922	0.628381	-0.000365247
3.44092e-07	0.628843	0.629323	-0.000380916
3.42611e-07	0.629724	0.630316	-0.000470032
3.41143e-07	0.630622	0.63121	-0.000466128
3.39687e-07	0.631428	0.632116	-0.000544666
3.38244e-07	0.63213	0.632855	-0.000573564
3.36812e-07	0.632818	0.633588	-0.000607828
3.35393e-07	0.633358	0.634222	-0.000681921
3.33986e-07	0.634049	0.634933	-0.000696341
3.32591e-07	0.635198	0.636191	-0.000781275
3.31207e-07	0.636184	0.637343	-0.000909802
3.29834e-07	0.637964	0.639421	-0.00114043
3.28473e-07	0.633797	0.635374	-0.00124267
3.27123e-07	0.631017	0.63267	-0.00130772
3.25784e-07	0.628842	0.630447	-0.00127434
3.24457e-07	0.626919	0.628656	-0.00138317
3.23139e-07	0.625436	0.627072	-0.00130563
3.21833e-07	0.624096	0.625848	-0.00140181
3.20537e-07	0.623111	0.624821	-0.00137025
3.19251e-07	0.622374	0.624085	-0.00137248
3.17976e-07	0.621759	0.623541	-0.0014304
3.16711e-07	0.621487	0.623174	-0.00135555
3.15456e-07	0.621193	0.622974	-0.00143128
3.14211e-07	0.621088	0.622808	-0.00138218
3.12975e-07	0.621028	0.622752	-0.00138563
3.11749e-07	0.620841	0.622589	-0.00140619
3.10533e-07	0.620776	0.622471	-0.00136289
3.09326e-07	0.620436	0.622138	-0.00136992
3.08129e-07	0.620062	0.621784	-0.00138687
3.06941e-07	0.619551	0.621156	-0.00129402
3.05762e-07	0.618733	0.620461	-0.00139439
3.04592e-07	0.61795	0.619501	-0.00125362
3.03431e-07	0.616841	0.618476	-0.00132366
3.02278e-07	0.61572	0.617279	-0.00126492
3.01135e-07	0.61459	0.616075	-0.00120634
3e-07	0.613313	0.614849	-0.00125045
