1.2e-06	0.342472	0.3561	-0.0195089
1.18218e-06	0.387799	0.402176	-0.0182004
1.16488e-06	0.428834	0.443032	-0.0162852
1.14808e-06	0.458578	0.473335	-0.0158352
1.13175e-06	0.475198	0.489725	-0.0150545
1.11589e-06	0.479015	0.492	-0.0133717
1.10046e-06	0.470711	0.483344	-0.0132411
1.08545e-06	0.453839	0.465768	-0.0129723
1.07085e-06	0.434233	0.443684	-0.0107662
1.05664e-06	0.418458	0.425557	-0.00841029
1.04279e-06	0.418657	0.422067	-0.00405624
1.02931e-06	0.453	0.449757	0.00359311
1.01617e-06	0.514878	0.50537	0.00931939
1.00336e-06	0.535309	0.524244	0.0104431
9.90871e-07	0.478227	0.471017	0.00759558
9.78689e-07	0.390287	0.387764	0.00324313
9.66802e-07	0.306617	0.307201	-0.000952461
9.552e-07	0.236226	0.239455	-0.0067885
9.43874e-07	0.180564	0.18565	-0.0138887
9.32813e-07	0.138248	0.143588	-0.0189464
9.22008e-07	0.107622	0.113128	-0.0249435
9.1145e-07	0.0892067	0.0949941	-0.0314185
9.01132e-07	0.0837674	0.0880999	-0.0252087
8.91045e-07	0.0916246	0.0930118	-0.00751331
8.81181e-07	0.114089	0.110364	0.0165957
8.71533e-07	0.147936	0.131945	0.0571359
8.62094e-07	0.162562	0.129061	0.114879
8.52857e-07	0.136463	0.108875	0.112448
8.43816e-07	0.152054	0.143891	0.0275851
8.34965e-07	0.202061	0.206319	-0.0104267
8.26298e-07	0.260437	0.275548	-0.0281925
8.17808e-07	0.313902	0.331437	-0.0271716
8.09492e-07	0.41106	0.4198	-0.0105192
8.01342e-07	0.584959	0.577628	0.00630572
7.93355e-07	0.555871	0.598494	-0.0369235
7.85526e-07	0.53643	0.598875	-0.0550026
7.7785e-07	0.530468	0.58857	-0.0519214
7.70323e-07	0.533515	0.589201	-0.0495994
7.62939e-07	0.544253	0.600483	-0.0491206
7.55696e-07	0.563512	0.611121	-0.0405306
7.48589e-07	0.584484	0.623831	-0.0325643
7.41615e-07	0.599241	0.633981	-0.0281707
7.34769e-07	0.607493	0.637132	-0.0238137
7.28049e-07	0.610826	0.633591	-0.0182943
7.2145e-07	0.608095	0.623507	-0.0125135
7.1497e-07	0.601053	0.608564	-0.00620955
7.08605e-07	0.594896	0.593823	0.000902472
7.02353e-07	0.591375	0.583731	0.00650462
6.9621e-07	0.590117	0.578565	0.00988503
6.90173e-07	0.592558	0.579783	0.0108972
6.84241e-07	0.599943	0.588723	0.00943846
6.78409e-07	0.611444	0.603656	0.00640927
6.72676e-07	0.625335	0.621496	0.00307863
6.67039e-07	0.643276	0.640195	0.00240055
6.61496e-07	0.644925	0.644671	0.000197425
6.56044e-07	0.638516	0.638229	0.000224972
6.50681e-07	0.629883	0.629347	0.000425537
6.45405e-07	0.625757	0.624332	0.00113981
6.40214e-07	0.623769	0.622513	0.001008
6.35106e-07	0.623478	0.622914	0.000453002
6.30079e-07	0.624372	0.623968	0.000324026
6.25131e-07	0.625576	0.625422	0.00012291
6.2026e-07	0.627114	0.627284	-0.000136237
6.15464e-07	0.629351	0.629464	-8.98386e-05
6.10742e-07	0.632027	0.632125	-7.71198e-05
6.06091e-07	0.635183	0.635103	6.29739e-05
6.01511e-07	0.639282	0.638394	0.000694982
5.97e-07	0.644121	0.642615	0.00117026
5.92556e-07	0.649195	0.647691	0.00116005
5.88177e-07	0.65436	0.652879	0.00113289
5.83863e-07	0.659339	0.658042	0.000983838
5.79612e-07	0.663864	0.663195	0.000504571
5.75422e-07	0.668232	0.668124	8.06995e-05
5.71292e-07	0.672686	0.672887	-0.000149501
5.67221e-07	0.678789	0.679858	-0.000787082
5.63208e-07	0.687194	0.687979	-0.000570302
5.59251e-07	0.691856	0.692599	-0.000536333
5.55349e-07	0.695505	0.696341	-0.000600543
5.51501e-07	0.698542	0.699505	-0.000689315
5.47706e-07	0.701538	0.702209	-0.000477762
5.43964e-07	0.704321	0.704687	-0.000259936
5.40271e-07	0.706323	0.706748	-0.000300266
5.36629e-07	0.707814	0.708217	-0.000284483
5.33036e-07	0.709194	0.709406	-0.00014957
5.2949e-07	0.710032	0.710071	-2.78584e-05
5.25991e-07	0.710133	0.710189	-3.93174e-05
5.22538e-07	0.710044	0.710182	-9.70606e-05
5.1913e-07	0.709843	0.70976	5.88502e-05
5.15767e-07	0.709142	0.708978	0.000115772
5.12446e-07	0.708148	0.708205	-4.03527e-05
5.09168e-07	0.707182	0.707074	7.61038e-05
5.05932e-07	0.705958	0.705674	0.000201068
5.02737e-07	0.704362	0.704298	4.52566e-05
4.99582e-07	0.702719	0.702559	0.000113523
4.96466e-07	0.700978	0.700599	0.000270529
4.93388e-07	0.698901	0.698669	0.000166059
4.90349e-07	0.696698	0.696409	0.000207082
4.87347e-07	0.694525	0.694021	0.000363186
4.84381e-07	0.692184	0.691732	0.000326795
4.81452e-07	0.689737	0.689224	0.000371953
4.78557e-07	0.687456	0.686763	0.000504279
4.75697e-07	0.685304	0.684566	0.000539303
4.72871e-07	0.683255	0.682365	0.000651946
4.70079e-07	0.681649	0.680664	0.000723215
4.67319e-07	0.680364	0.678571	0.00131949
4.64591e-07	0.67616	0.674835	0.000980602
4.61896e-07	0.671875	0.670629	0.000927826
4.59231e-07	0.668546	0.667343	0.000900477
4.56597e-07	0.665512	0.664354	0.00087073
4.53992e-07	0.662756	0.661697	0.000799178
4.51418e-07	0.660472	0.659457	0.00076892
4.48872e-07	0.658434	0.657334	0.000836493
4.46355e-07	0.656463	0.655446	0.000774998
4.43866e-07	0.654782	0.653869	0.000697282
4.41405e-07	0.653382	0.652328	0.000806731
4.38971e-07	0.651981	0.650952	0.000789658
4.36563e-07	0.650672	0.649804	0.000667728
4.34182e-07	0.64962	0.648617	0.000772417
4.31826e-07	0.648586	0.647529	0.000815177
4.29496e-07	0.647475	0.646594	0.000681048
4.27191e-07	0.646526	0.645562	0.00074566
4.24911e-07	0.64567	0.644596	0.000832971
4.22655e-07	0.644689	0.643752	0.000727188
4.20423e-07	0.643758	0.642802	0.000742936
4.18214e-07	0.643004	0.641927	0.000837817
4.16028e-07	0.642191	0.641179	0.000788856
4.13865e-07	0.641338	0.640339	0.000779743
4.11724e-07	0.64069	0.639605	0.000847933
4.09605e-07	0.640129	0.639033	0.000856614
4.07509e-07	0.639542	0.63844	0.000862406
4.05433e-07	0.639336	0.638116	0.0009552
4.03378e-07	0.639581	0.638358	0.000957253
4.01345e-07	0.640207	0.638978	0.000960582
3.99331e-07	0.644575	0.643112	0.00113551
3.97338e-07	0.645771	0.644526	0.000964869
3.95364e-07	0.646203	0.644879	0.00102532
3.9341e-07	0.646209	0.645144	0.000824135
3.91475e-07	0.646295	0.645332	0.000745122
3.8956e-07	0.646595	0.6454	0.000924961
3.87662e-07	0.646777	0.645628	0.000889205
3.85784e-07	0.646871	0.645888	0.000761133
3.83923e-07	0.647158	0.646103	0.000815221
3.8208e-07	0.647509	0.646406	0.000852513
3.80255e-07	0.647734	0.646723	0.000780849
3.78447e-07	0.647951	0.646892	0.000817807
3.76656e-07	0.648152	0.647077	0.000829961
3.74882e-07	0.648177	0.647203	0.000752179
3.73125e-07	0.648109	0.647074	0.000799103
3.71384e-07	0.647994	0.646933	0.000819523
3.69659e-07	0.647638	0.646664	0.000752481
3.67951e-07	0.647093	0.646121	0.000751846
3.66258e-07	0.646583	0.645612	0.000751569
3.6458e-07	0.645973	0.644992	0.00076
3.62918e-07	0.645143	0.644209	0.000724809
3.61271e-07	0.644487	0.643648	0.000651338
3.59639e-07	0.644674	0.643671	0.000778421
3.58021e-07	0.644972	0.643967	0.000779921
3.56418e-07	0.64557	0.645167	0.000312511
3.54829e-07	0.645806	0.645446	0.000279099
3.53254e-07	0.646074	0.645641	0.000334917
3.51694e-07	0.646242	0.646072	0.000131749
3.50147e-07	0.646618	0.646577	3.17728e-05
3.48613e-07	0.647319	0.647129	0.00014657
3.47093e-07	0.648016	0.647998	1.41145e-05
3.45586e-07	0.648691	0.64881	-9.16099e-05
3.44092e-07	0.649587	0.649657	-5.36298e-05
3.42611e-07	0.650516	0.650652	-0.000104033
3.41143e-07	0.651217	0.651457	-0.000184121
3.39687e-07	0.651879	0.652204	-0.000249507
3.38244e-07	0.652587	0.65295	-0.00027788
3.36812e-07	0.653078	0.653466	-0.000296909
3.35393e-07	0.653383	0.653915	-0.000406575
3.33986e-07	0.653847	0.654496	-0.000495847
3.32591e-07	0.654543	0.655139	-0.000455443
3.31207e-07	0.654936	0.655696	-0.000579749
3.29834e-07	0.656185	0.657613	-0.00108733
3.28473e-07	0.652974	0.653995	-0.000781152
3.27123e-07	0.650563	0.651577	-0.00077882
3.25784e-07	0.648576	0.649721	-0.000881988
3.24457e-07	0.647077	0.648074	-0.000769729
3.23139e-07	0.645829	0.646736	-0.000701735
3.21833e-07	0.644735	0.6458	-0.000825588
3.20537e-07	0.644023	0.644991	-0.000750521
3.19251e-07	0.643654	0.644499	-0.000655914
3.17976e-07	0.643388	0.644354	-0.000750118
3.16711e-07	0.64332	0.644223	-0.000701556
3.15456e-07	0.64354	0.644338	-0.000620023
3.14211e-07	0.643784	0.644632	-0.00065827
3.12975e-07	0.643958	0.644755	-0.000618212
3.11749e-07	0.644231	0.644991	-0.000590082
3.10533e-07	0.64446	0.645193	-0.0005688
3.09326e-07	0.644407	0.645059	-0.000505515
3.08129e-07	0.644225	0.644938	-0.000553302
3.06941e-07	0.64399	0.644627	-0.000494831
3.05762e-07	0.643443	0.643926	-0.000375184
3.04592e-07	0.642621	0.643256	-0.000493623
3.03431e-07	0.641812	0.642391	-0.000450889
3.02278e-07	0.640917	0.641266	-0.000272467
3.01135e-07	0.639814	0.640355	-0.000422819
3e-07	0.638838	0.639411	-0.000448126
