1.2e-06	0.427294	0.43514	-0.00909777
1.18218e-06	0.468186	0.476355	-0.00864866
1.16488e-06	0.504119	0.513324	-0.00904666
1.14808e-06	0.531384	0.542009	-0.00989785
1.13175e-06	0.548261	0.559065	-0.00975664
1.11589e-06	0.552561	0.564023	-0.0102654
1.10046e-06	0.543195	0.556887	-0.0124459
1.08545e-06	0.521536	0.537064	-0.0146685
1.07085e-06	0.488919	0.507064	-0.0182186
1.05664e-06	0.448819	0.473012	-0.0262446
1.04279e-06	0.424223	0.45761	-0.0378609
1.02931e-06	0.470591	0.509674	-0.0398703
1.01617e-06	0.526106	0.555631	-0.0272942
1.00336e-06	0.492178	0.510775	-0.0185426
9.90871e-07	0.423895	0.437403	-0.0156833
9.78689e-07	0.353657	0.36483	-0.0155506
9.66802e-07	0.287016	0.296611	-0.0164399
9.552e-07	0.225455	0.235087	-0.0209147
9.43874e-07	0.171593	0.181385	-0.0277418
9.32813e-07	0.127265	0.136052	-0.0333719
9.22008e-07	0.0939887	0.102784	-0.0446956
9.1145e-07	0.0751129	0.0840446	-0.0561184
9.01132e-07	0.0749439	0.0824561	-0.0477268
8.91045e-07	0.0972084	0.102815	-0.0280303
8.81181e-07	0.136234	0.136096	0.000508368
8.71533e-07	0.137367	0.126426	0.0414785
8.62094e-07	0.0798273	0.0666621	0.0898712
8.52857e-07	0.066519	0.0574646	0.0730294
8.43816e-07	0.102762	0.0960871	0.0335663
8.34965e-07	0.168169	0.165237	0.0087939
8.26298e-07	0.252094	0.252322	-0.000452217
8.17808e-07	0.408685	0.381641	0.0342192
8.09492e-07	0.428893	0.444081	-0.0173981
8.01342e-07	0.450523	0.472628	-0.023945
7.93355e-07	0.468759	0.492917	-0.0251207
7.85526e-07	0.486191	0.512122	-0.0259749
7.7785e-07	0.509033	0.534131	-0.0240592
7.70323e-07	0.535811	0.553706	-0.0164247
7.62939e-07	0.559927	0.571714	-0.0104158
7.55696e-07	0.57976	0.58905	-0.00794771
7.48589e-07	0.597725	0.602416	-0.00390868
7.41615e-07	0.612833	0.613128	-0.000240659
7.34769e-07	0.622055	0.621493	0.000451781
7.28049e-07	0.625193	0.624066	0.000901644
7.2145e-07	0.623316	0.620937	0.00191241
7.1497e-07	0.6161	0.61262	0.00283226
7.08605e-07	0.603821	0.599524	0.00357155
7.02353e-07	0.589122	0.585918	0.0027269
6.9621e-07	0.576835	0.575394	0.00125012
6.90173e-07	0.573221	0.571041	0.00190482
6.84241e-07	0.582632	0.578173	0.00384087
6.78409e-07	0.603713	0.60009	0.00300925
6.72676e-07	0.609083	0.603035	0.00499019
6.67039e-07	0.592711	0.59084	0.00158071
6.61496e-07	0.586392	0.587494	-0.000938884
6.56044e-07	0.584628	0.587199	-0.00219426
6.50681e-07	0.584364	0.588582	-0.00359615
6.45405e-07	0.584658	0.590324	-0.00482167
6.40214e-07	0.586372	0.591939	-0.00472405
6.35106e-07	0.589414	0.595068	-0.00477375
6.30079e-07	0.59308	0.599339	-0.0052488
6.25131e-07	0.597308	0.602817	-0.00458996
6.2026e-07	0.601906	0.606084	-0.00345817
6.15464e-07	0.606461	0.610074	-0.0029694
6.10742e-07	0.611321	0.614541	-0.00262651
6.06091e-07	0.616971	0.619779	-0.00227053
6.01511e-07	0.623304	0.626016	-0.00217029
5.97e-07	0.630247	0.632971	-0.00215644
5.92556e-07	0.637829	0.640577	-0.00214976
5.88177e-07	0.645619	0.648511	-0.0022345
5.83863e-07	0.65318	0.656209	-0.00231365
5.79612e-07	0.662805	0.666469	-0.00275633
5.75422e-07	0.676807	0.679836	-0.00223272
5.71292e-07	0.684249	0.687186	-0.00214174
5.67221e-07	0.689912	0.692713	-0.00202597
5.63208e-07	0.694828	0.697268	-0.00175301
5.59251e-07	0.699251	0.701287	-0.00145349
5.55349e-07	0.702968	0.70465	-0.00119466
5.51501e-07	0.706187	0.70742	-0.000872294
5.47706e-07	0.709216	0.71009	-0.000615839
5.43964e-07	0.711877	0.712476	-0.000420728
5.40271e-07	0.714005	0.714222	-0.000151959
5.36629e-07	0.715734	0.715642	6.46476e-05
5.33036e-07	0.716996	0.716684	0.000217779
5.2949e-07	0.717629	0.717081	0.000382043
5.25991e-07	0.717846	0.717184	0.000461437
5.22538e-07	0.71785	0.71708	0.000536527
5.1913e-07	0.717486	0.716576	0.000634147
5.15767e-07	0.716766	0.715923	0.000588887
5.12446e-07	0.715967	0.715157	0.000566106
5.09168e-07	0.715049	0.714112	0.000655575
5.05932e-07	0.713802	0.712941	0.000603872
5.02737e-07	0.712379	0.711633	0.000524024
4.99582e-07	0.710943	0.710088	0.000602005
4.96466e-07	0.709304	0.708432	0.000614813
4.93388e-07	0.707425	0.706652	0.000546837
4.90349e-07	0.705575	0.704747	0.000587448
4.87347e-07	0.70378	0.702869	0.00064716
4.84381e-07	0.701941	0.701045	0.000638338
4.81452e-07	0.700421	0.699467	0.000681567
4.78557e-07	0.69995	0.698877	0.000766791
4.75697e-07	0.695691	0.694198	0.00107407
4.72871e-07	0.688813	0.687794	0.000740162
4.70079e-07	0.683805	0.683036	0.000562748
4.67319e-07	0.67967	0.678795	0.000644294
4.64591e-07	0.675861	0.675008	0.000631078
4.61896e-07	0.672293	0.671638	0.000487256
4.59231e-07	0.669179	0.668461	0.000537225
4.56597e-07	0.666393	0.665603	0.000593082
4.53992e-07	0.663728	0.663081	0.000487486
4.51418e-07	0.661337	0.660691	0.000488777
4.48872e-07	0.65931	0.658583	0.000551611
4.46355e-07	0.657433	0.656764	0.000509496
4.43866e-07	0.655665	0.655019	0.00049277
4.41405e-07	0.654177	0.653506	0.000512681
4.38971e-07	0.652881	0.652203	0.000519979
4.36563e-07	0.651591	0.650895	0.000534958
4.34182e-07	0.65041	0.649757	0.000502422
4.31826e-07	0.64943	0.648764	0.00051352
4.29496e-07	0.64848	0.64772	0.000586289
4.27191e-07	0.647514	0.646822	0.000534849
4.24911e-07	0.646699	0.646035	0.000513382
4.22655e-07	0.645994	0.645182	0.000629343
4.20423e-07	0.645254	0.644477	0.000603116
4.18214e-07	0.644597	0.643884	0.000552781
4.16028e-07	0.644162	0.643285	0.000681372
4.13865e-07	0.643897	0.643011	0.000688244
4.11724e-07	0.644597	0.64367	0.000719084
4.09605e-07	0.645693	0.644245	0.00112293
4.07509e-07	0.650599	0.649556	0.000801837
4.05433e-07	0.651485	0.650555	0.000714349
4.03378e-07	0.651755	0.650817	0.000720277
4.01345e-07	0.651973	0.650988	0.000755948
3.99331e-07	0.652094	0.651056	0.000797095
3.97338e-07	0.65196	0.650871	0.000835588
3.95364e-07	0.651765	0.650798	0.000742044
3.9341e-07	0.651749	0.650851	0.000689341
3.91475e-07	0.651843	0.650811	0.000792163
3.8956e-07	0.651928	0.650877	0.000806193
3.87662e-07	0.652036	0.651057	0.000750919
3.85784e-07	0.652197	0.651203	0.000762615
3.83923e-07	0.652404	0.651424	0.000752007
3.8208e-07	0.652665	0.651655	0.000774038
3.80255e-07	0.652889	0.651815	0.000823138
3.78447e-07	0.652971	0.651996	0.00074713
3.76656e-07	0.652996	0.652061	0.000716668
3.74882e-07	0.653032	0.651978	0.000808205
3.73125e-07	0.652904	0.651883	0.00078205
3.71384e-07	0.652518	0.651606	0.000699522
3.69659e-07	0.652086	0.651163	0.000707956
3.67951e-07	0.651966	0.651068	0.000689091
3.66258e-07	0.652008	0.651123	0.000679704
3.6458e-07	0.652532	0.652025	0.000388024
3.62918e-07	0.652396	0.652067	0.000252393
3.61271e-07	0.652211	0.651866	0.000264343
3.59639e-07	0.651891	0.65157	0.000246636
3.58021e-07	0.651585	0.6515	6.50378e-05
3.56418e-07	0.651535	0.651485	3.80206e-05
3.54829e-07	0.651657	0.651523	0.000102936
3.53254e-07	0.651831	0.651898	-5.1215e-05
3.51694e-07	0.65223	0.652424	-0.000148908
3.50147e-07	0.652948	0.653041	-7.12818e-05
3.48613e-07	0.653786	0.65397	-0.000141075
3.47093e-07	0.654676	0.655013	-0.000257778
3.45586e-07	0.655768	0.656095	-0.00024875
3.44092e-07	0.657025	0.657406	-0.000289828
3.42611e-07	0.658288	0.658772	-0.000367164
3.41143e-07	0.659679	0.660209	-0.000401904
3.39687e-07	0.661782	0.662478	-0.000526006
3.38244e-07	0.663778	0.664671	-0.000672269
3.36812e-07	0.66566	0.666873	-0.000910163
3.35393e-07	0.662278	0.663606	-0.0010018
3.33986e-07	0.660165	0.66156	-0.00105591
3.32591e-07	0.658335	0.659642	-0.000992237
3.31207e-07	0.656542	0.657885	-0.00102166
3.29834e-07	0.654802	0.656166	-0.001041
3.28473e-07	0.653144	0.654453	-0.00100109
3.27123e-07	0.651576	0.652915	-0.0010268
3.25784e-07	0.650153	0.651478	-0.00101782
3.24457e-07	0.648908	0.650166	-0.000968404
3.23139e-07	0.647834	0.64913	-0.000999603
3.21833e-07	0.646991	0.64827	-0.000987538
3.20537e-07	0.646417	0.647604	-0.000916902
3.19251e-07	0.646032	0.64723	-0.000926586
3.17976e-07	0.6458	0.646998	-0.000926951
3.16711e-07	0.645792	0.646916	-0.000869881
3.15456e-07	0.645951	0.647038	-0.000840535
3.14211e-07	0.646117	0.647173	-0.00081711
3.12975e-07	0.646295	0.647332	-0.000801725
3.11749e-07	0.646548	0.647545	-0.000770121
3.10533e-07	0.646723	0.647606	-0.000681794
3.09326e-07	0.646684	0.647561	-0.000677617
3.08129e-07	0.646545	0.647457	-0.000704669
3.06941e-07	0.646356	0.647106	-0.000580442
3.05762e-07	0.645942	0.646617	-0.000522479
3.04592e-07	0.645313	0.646089	-0.00060153
3.03431e-07	0.644694	0.645371	-0.000524418
3.02278e-07	0.644102	0.644737	-0.000492517
3.01135e-07	0.643188	0.64415	-0.000747405
3e-07	0.641199	0.642247	-0.000816723
