1.2e-06	0.347405	0.356201	-0.0125015
1.18218e-06	0.395566	0.405462	-0.0123542
1.16488e-06	0.442095	0.45202	-0.0111004
1.14808e-06	0.477608	0.488074	-0.0108376
1.13175e-06	0.499982	0.509772	-0.00969542
1.11589e-06	0.50722	0.516695	-0.00925383
1.10046e-06	0.501886	0.510508	-0.00851707
1.08545e-06	0.485896	0.493824	-0.00809231
1.07085e-06	0.462218	0.469729	-0.00805874
1.05664e-06	0.435939	0.442259	-0.00719683
1.04279e-06	0.413153	0.418426	-0.00634091
1.02931e-06	0.410877	0.41257	-0.00205632
1.01617e-06	0.44766	0.445154	0.00280692
1.00336e-06	0.500352	0.493691	0.00670058
9.90871e-07	0.479748	0.474988	0.00498548
9.78689e-07	0.403093	0.40142	0.00207943
9.66802e-07	0.322657	0.323972	-0.00203369
9.552e-07	0.254871	0.257942	-0.00598955
9.43874e-07	0.200007	0.203963	-0.00979322
9.32813e-07	0.15626	0.160826	-0.0144002
9.22008e-07	0.1239	0.127971	-0.0161625
9.1145e-07	0.101776	0.105591	-0.0183966
9.01132e-07	0.0920419	0.0943865	-0.0125762
8.91045e-07	0.0949189	0.0951973	-0.00146436
8.81181e-07	0.11223	0.107503	0.0215091
8.71533e-07	0.136155	0.120869	0.0594736
8.62094e-07	0.125519	0.100447	0.110958
8.52857e-07	0.0961223	0.0800172	0.0914338
8.43816e-07	0.116715	0.113372	0.0145315
8.34965e-07	0.166944	0.170774	-0.0113404
8.26298e-07	0.230011	0.238174	-0.0174361
8.17808e-07	0.299076	0.310463	-0.0186814
8.09492e-07	0.402147	0.410741	-0.0105713
8.01342e-07	0.571074	0.54983	0.0189527
7.93355e-07	0.543608	0.58474	-0.0364538
7.85526e-07	0.535684	0.576862	-0.0370125
7.7785e-07	0.522861	0.570994	-0.0440031
7.70323e-07	0.526384	0.571501	-0.0410942
7.62939e-07	0.53761	0.578956	-0.0370289
7.55696e-07	0.556852	0.591737	-0.0303712
7.48589e-07	0.578125	0.60679	-0.024191
7.41615e-07	0.596275	0.620312	-0.0197578
7.34769e-07	0.60997	0.628922	-0.0152981
7.28049e-07	0.614409	0.630518	-0.01294
7.2145e-07	0.613314	0.624431	-0.00898122
7.1497e-07	0.604914	0.612267	-0.00604082
7.08605e-07	0.595554	0.597296	-0.00146023
7.02353e-07	0.584662	0.582201	0.00210943
6.9621e-07	0.577794	0.570406	0.00643468
6.90173e-07	0.576237	0.56625	0.0087414
6.84241e-07	0.581784	0.571837	0.00862222
6.78409e-07	0.593926	0.585641	0.00702344
6.72676e-07	0.608627	0.603429	0.00428853
6.67039e-07	0.626932	0.622742	0.00335233
6.61496e-07	0.627702	0.628171	-0.000373208
6.56044e-07	0.623174	0.623662	-0.000391895
6.50681e-07	0.614155	0.615047	-0.000725432
6.45405e-07	0.610063	0.610503	-0.000360621
6.40214e-07	0.608534	0.608746	-0.000174169
6.35106e-07	0.608959	0.609111	-0.00012463
6.30079e-07	0.61043	0.610547	-9.61825e-05
6.25131e-07	0.612547	0.612536	8.83096e-06
6.2026e-07	0.615362	0.615151	0.000171043
6.15464e-07	0.618376	0.618416	-3.23464e-05
6.10742e-07	0.622028	0.622052	-1.91204e-05
6.06091e-07	0.625901	0.625814	6.92814e-05
6.01511e-07	0.630444	0.629916	0.00041926
5.97e-07	0.635439	0.634727	0.000560717
5.92556e-07	0.640775	0.640136	0.000499332
5.88177e-07	0.646154	0.645642	0.000396472
5.83863e-07	0.651092	0.650916	0.000135174
5.79612e-07	0.656008	0.65599	1.30845e-05
5.75422e-07	0.660768	0.661014	-0.000186236
5.71292e-07	0.66575	0.666011	-0.000195505
5.67221e-07	0.672609	0.673076	-0.0003473
5.63208e-07	0.681009	0.681216	-0.000151998
5.59251e-07	0.68566	0.68607	-0.000298976
5.55349e-07	0.689758	0.690009	-0.000181976
5.51501e-07	0.693089	0.693449	-0.000259561
5.47706e-07	0.696186	0.696472	-0.000205526
5.43964e-07	0.698816	0.699062	-0.000175993
5.40271e-07	0.701045	0.701183	-9.84401e-05
5.36629e-07	0.702747	0.702815	-4.82923e-05
5.33036e-07	0.704001	0.703967	2.37378e-05
5.2949e-07	0.704665	0.70467	-3.97029e-06
5.25991e-07	0.705069	0.704969	7.06708e-05
5.22538e-07	0.704881	0.704914	-2.39212e-05
5.1913e-07	0.704681	0.704555	8.96871e-05
5.15767e-07	0.703903	0.703929	-1.85706e-05
5.12446e-07	0.703251	0.703069	0.000129376
5.09168e-07	0.702054	0.701998	3.96963e-05
5.05932e-07	0.700962	0.700734	0.000162626
5.02737e-07	0.699419	0.699289	9.31347e-05
4.99582e-07	0.697854	0.697664	0.000136123
4.96466e-07	0.696008	0.695852	0.000111696
4.93388e-07	0.693983	0.693846	9.8496e-05
4.90349e-07	0.691887	0.691652	0.000170058
4.87347e-07	0.689509	0.6893	0.000151516
4.84381e-07	0.687255	0.686848	0.000296531
4.81452e-07	0.684729	0.684368	0.00026349
4.78557e-07	0.682468	0.681939	0.000387371
4.75697e-07	0.680097	0.679632	0.000342417
4.72871e-07	0.678092	0.677524	0.000418891
4.70079e-07	0.676433	0.675821	0.000452823
4.67319e-07	0.674753	0.673476	0.000947636
4.64591e-07	0.670619	0.669658	0.000717462
4.61896e-07	0.666394	0.665452	0.000706786
4.59231e-07	0.662934	0.662003	0.000702444
4.56597e-07	0.659842	0.65902	0.000623094
4.53992e-07	0.657235	0.656393	0.0006406
4.51418e-07	0.654772	0.654049	0.000552427
4.48872e-07	0.652704	0.651935	0.000589031
4.46355e-07	0.650755	0.650019	0.000565444
4.43866e-07	0.649069	0.648287	0.000602736
4.41405e-07	0.64754	0.646732	0.000624749
4.38971e-07	0.646122	0.645345	0.000601551
4.36563e-07	0.644909	0.644103	0.000625584
4.34182e-07	0.643676	0.642964	0.00055352
4.31826e-07	0.642654	0.641885	0.000598767
4.29496e-07	0.641545	0.640835	0.000553824
4.27191e-07	0.640605	0.639802	0.000626847
4.24911e-07	0.639596	0.638796	0.000626179
4.22655e-07	0.63868	0.637832	0.000663622
4.20423e-07	0.63778	0.636923	0.000672498
4.18214e-07	0.636881	0.636065	0.000641052
4.16028e-07	0.636102	0.635247	0.000672742
4.13865e-07	0.635255	0.634459	0.000626772
4.11724e-07	0.634611	0.633707	0.000712877
4.09605e-07	0.633902	0.633017	0.000698141
4.07509e-07	0.633454	0.632445	0.000797602
4.05433e-07	0.633178	0.632111	0.000843195
4.03378e-07	0.633372	0.632284	0.000860061
4.01345e-07	0.634045	0.632988	0.000833815
3.99331e-07	0.638791	0.637509	0.00100444
3.97338e-07	0.639993	0.638994	0.000780636
3.95364e-07	0.640632	0.639619	0.000791964
3.9341e-07	0.640951	0.639913	0.000810156
3.91475e-07	0.641084	0.640102	0.000766319
3.8956e-07	0.641394	0.640321	0.000836621
3.87662e-07	0.64153	0.640613	0.000715388
3.85784e-07	0.641917	0.640954	0.000750628
3.83923e-07	0.642162	0.641301	0.000670879
3.8208e-07	0.64255	0.641628	0.000718098
3.80255e-07	0.642848	0.641927	0.00071715
3.78447e-07	0.643118	0.64219	0.000722287
3.76656e-07	0.643358	0.6424	0.000745282
3.74882e-07	0.64341	0.642526	0.000687016
3.73125e-07	0.643466	0.642539	0.00072098
3.71384e-07	0.643239	0.642416	0.000640326
3.69659e-07	0.643022	0.642144	0.0006832
3.67951e-07	0.642528	0.641726	0.000624917
3.66258e-07	0.64203	0.64118	0.000662431
3.6458e-07	0.641366	0.640545	0.000641028
3.62918e-07	0.640687	0.639882	0.000629186
3.61271e-07	0.64011	0.639303	0.000630848
3.59639e-07	0.640138	0.639369	0.000601586
3.58021e-07	0.640556	0.639738	0.000639036
3.56418e-07	0.641282	0.640954	0.00025566
3.54829e-07	0.641598	0.641238	0.000280334
3.53254e-07	0.641713	0.641504	0.000162612
3.51694e-07	0.642125	0.641898	0.00017671
3.50147e-07	0.642562	0.642448	8.86383e-05
3.48613e-07	0.643205	0.643151	4.18173e-05
3.47093e-07	0.643982	0.643987	-3.90892e-06
3.45586e-07	0.644773	0.644909	-0.000105352
3.44092e-07	0.645753	0.645857	-8.03894e-05
3.42611e-07	0.646537	0.646781	-0.000188892
3.41143e-07	0.647521	0.647653	-0.000102154
3.39687e-07	0.648151	0.648465	-0.000242121
3.38244e-07	0.648964	0.649208	-0.000188575
3.36812e-07	0.649389	0.649871	-0.000371
3.35393e-07	0.650001	0.650456	-0.00035006
3.33986e-07	0.650423	0.651063	-0.000492181
3.32591e-07	0.651237	0.651817	-0.000445349
3.31207e-07	0.651798	0.652507	-0.000543104
3.29834e-07	0.653477	0.654595	-0.000854821
3.28473e-07	0.649999	0.650851	-0.000655424
3.27123e-07	0.647418	0.648412	-0.000767091
3.25784e-07	0.645575	0.646454	-0.000679782
3.24457e-07	0.643803	0.64481	-0.000781295
3.23139e-07	0.642598	0.643438	-0.000653167
3.21833e-07	0.641426	0.642344	-0.000714715
3.20537e-07	0.640774	0.641538	-0.00059536
3.19251e-07	0.640198	0.64102	-0.000641483
3.17976e-07	0.640002	0.640766	-0.000596425
3.16711e-07	0.639931	0.640725	-0.000620392
3.15456e-07	0.640021	0.640831	-0.000632091
3.14211e-07	0.640263	0.64101	-0.000583191
3.12975e-07	0.640424	0.641197	-0.000602997
3.11749e-07	0.640721	0.641343	-0.000485618
3.10533e-07	0.640744	0.641414	-0.000522599
3.09326e-07	0.640845	0.641379	-0.00041664
3.08129e-07	0.640578	0.641205	-0.000489014
3.06941e-07	0.6403	0.640852	-0.000430778
3.05762e-07	0.639685	0.640291	-0.000473102
3.04592e-07	0.638977	0.639515	-0.000420807
3.03431e-07	0.638087	0.638562	-0.000371756
3.02278e-07	0.637075	0.637509	-0.000340979
3.01135e-07	0.636122	0.636458	-0.000264245
3e-07	0.635093	0.635509	-0.000327708
