1.2e-06	0.502041	0.508487	-0.00637919
1.18218e-06	0.526431	0.533371	-0.00654871
1.16488e-06	0.54208	0.54923	-0.00655159
1.14808e-06	0.547493	0.555911	-0.00762856
1.13175e-06	0.542456	0.551828	-0.00856457
1.11589e-06	0.52735	0.537887	-0.00989157
1.10046e-06	0.502712	0.5144	-0.0114912
1.08545e-06	0.471183	0.484957	-0.0144062
1.07085e-06	0.444278	0.461821	-0.0193609
1.05664e-06	0.454769	0.475511	-0.0222958
1.04279e-06	0.532425	0.553731	-0.0196161
1.02931e-06	0.596113	0.611934	-0.0130966
1.01617e-06	0.574743	0.58656	-0.0101758
1.00336e-06	0.509005	0.518505	-0.00924554
9.90871e-07	0.43336	0.441924	-0.00978472
9.78689e-07	0.358727	0.366538	-0.0107691
9.66802e-07	0.287794	0.295129	-0.0125836
9.552e-07	0.22202	0.229755	-0.0171225
9.43874e-07	0.163582	0.171162	-0.0226446
9.32813e-07	0.115024	0.122652	-0.0320953
9.22008e-07	0.0787329	0.0852395	-0.0396808
9.1145e-07	0.0574229	0.0633323	-0.0489369
9.01132e-07	0.0550124	0.0584349	-0.0301681
8.91045e-07	0.0761427	0.0750734	0.00707178
8.81181e-07	0.114915	0.102351	0.0578283
8.71533e-07	0.113833	0.0908613	0.112226
8.62094e-07	0.0804551	0.0644507	0.110447
8.52857e-07	0.0949408	0.0899841	0.0268035
8.43816e-07	0.134139	0.136335	-0.0081196
8.34965e-07	0.207946	0.210758	-0.0067138
8.26298e-07	0.325597	0.334008	-0.0127516
8.17808e-07	0.5164	0.497979	0.0181594
8.09492e-07	0.497439	0.531949	-0.0335248
8.01342e-07	0.498643	0.535252	-0.0354086
7.93355e-07	0.510406	0.535971	-0.0244315
7.85526e-07	0.527605	0.55188	-0.0224881
7.7785e-07	0.546657	0.564071	-0.015678
7.70323e-07	0.566648	0.580422	-0.0120085
7.62939e-07	0.586631	0.595579	-0.00756906
7.55696e-07	0.604288	0.607402	-0.00257019
7.48589e-07	0.617213	0.617732	-0.00041998
7.41615e-07	0.624355	0.622553	0.00144515
7.34769e-07	0.625907	0.623108	0.00224125
7.28049e-07	0.622355	0.616456	0.00476165
7.2145e-07	0.61386	0.603359	0.00862678
7.1497e-07	0.601358	0.585912	0.0130096
7.08605e-07	0.58803	0.569228	0.0162471
7.02353e-07	0.578569	0.558362	0.0177733
6.9621e-07	0.576428	0.556138	0.0179154
6.90173e-07	0.58222	0.562582	0.0171542
6.84241e-07	0.595243	0.5795	0.0134014
6.78409e-07	0.606962	0.596992	0.00828084
6.72676e-07	0.604095	0.595683	0.00701199
6.67039e-07	0.592373	0.587425	0.00419333
6.61496e-07	0.589224	0.586284	0.00250047
6.56044e-07	0.58961	0.588536	0.000912073
6.50681e-07	0.591349	0.591185	0.000138435
6.45405e-07	0.5936	0.593722	-0.000102807
6.40214e-07	0.596148	0.596229	-6.86828e-05
6.35106e-07	0.598968	0.599736	-0.000640982
6.30079e-07	0.601867	0.602928	-0.000880494
6.25131e-07	0.604794	0.60592	-0.000930418
6.2026e-07	0.608136	0.608808	-0.000552332
6.15464e-07	0.611842	0.61229	-0.000366068
6.10742e-07	0.615762	0.616234	-0.000383661
6.06091e-07	0.620134	0.620351	-0.000175253
6.01511e-07	0.625145	0.625165	-1.60534e-05
5.97e-07	0.630721	0.630418	0.00024023
5.92556e-07	0.63674	0.636718	1.74258e-05
5.88177e-07	0.643154	0.643372	-0.000169394
5.83863e-07	0.649852	0.65051	-0.000505655
5.79612e-07	0.661456	0.66376	-0.00173843
5.75422e-07	0.671443	0.673836	-0.00177877
5.71292e-07	0.678134	0.680128	-0.00146836
5.67221e-07	0.683625	0.685229	-0.00117155
5.63208e-07	0.688141	0.689306	-0.000845763
5.59251e-07	0.691771	0.692629	-0.000619916
5.55349e-07	0.694794	0.695603	-0.000581156
5.51501e-07	0.697593	0.698012	-0.000300708
5.47706e-07	0.700308	0.700468	-0.000113916
5.43964e-07	0.702739	0.702452	0.000203978
5.40271e-07	0.704629	0.704304	0.0002305
5.36629e-07	0.70596	0.705576	0.000271525
5.33036e-07	0.706876	0.706436	0.000311368
5.2949e-07	0.707421	0.706794	0.000443624
5.25991e-07	0.707506	0.706716	0.000558929
5.22538e-07	0.707119	0.706379	0.000523661
5.1913e-07	0.70643	0.7057	0.000516776
5.15767e-07	0.705628	0.704965	0.000469593
5.12446e-07	0.704729	0.703941	0.00055957
5.09168e-07	0.703643	0.702934	0.000503987
5.05932e-07	0.70235	0.701638	0.000506939
5.02737e-07	0.700934	0.700332	0.000429648
4.99582e-07	0.69944	0.698757	0.000488545
4.96466e-07	0.697809	0.697112	0.000499956
4.93388e-07	0.695993	0.695294	0.000502411
4.90349e-07	0.694065	0.693374	0.000497594
4.87347e-07	0.692163	0.691478	0.000494559
4.84381e-07	0.690388	0.68954	0.000614319
4.81452e-07	0.688948	0.688061	0.000643949
4.78557e-07	0.688473	0.687401	0.000779439
4.75697e-07	0.681764	0.680898	0.000634876
4.72871e-07	0.676829	0.675895	0.000690449
4.70079e-07	0.672597	0.67175	0.000630607
4.67319e-07	0.668758	0.667957	0.000599418
4.64591e-07	0.665273	0.664527	0.00056115
4.61896e-07	0.66215	0.661392	0.000573247
4.59231e-07	0.659322	0.658464	0.000651247
4.56597e-07	0.65669	0.655887	0.000611853
4.53992e-07	0.654249	0.653425	0.00063034
4.51418e-07	0.652078	0.651338	0.000567423
4.48872e-07	0.6502	0.649331	0.000669148
4.46355e-07	0.648529	0.64766	0.000670186
4.43866e-07	0.646978	0.646077	0.00069655
4.41405e-07	0.645566	0.644725	0.00065208
4.38971e-07	0.644358	0.643493	0.000671443
4.36563e-07	0.643328	0.642362	0.000751188
4.34182e-07	0.642369	0.641399	0.00075557
4.31826e-07	0.641437	0.640433	0.000782876
4.29496e-07	0.640596	0.63967	0.000723126
4.27191e-07	0.639906	0.638854	0.000822945
4.24911e-07	0.639318	0.638231	0.000850619
4.22655e-07	0.638742	0.637577	0.000913354
4.20423e-07	0.638195	0.637072	0.000880632
4.18214e-07	0.6378	0.636646	0.000905543
4.16028e-07	0.637688	0.636376	0.00102946
4.13865e-07	0.638152	0.636759	0.00109296
4.11724e-07	0.640814	0.639659	0.00090208
4.09605e-07	0.642488	0.640884	0.00124972
4.07509e-07	0.64511	0.643745	0.00105897
4.05433e-07	0.646036	0.644678	0.0010522
4.03378e-07	0.646636	0.645276	0.0010523
4.01345e-07	0.646938	0.645581	0.00105011
3.99331e-07	0.647021	0.645609	0.00109216
3.97338e-07	0.646975	0.645619	0.00104905
3.95364e-07	0.646831	0.645399	0.00110766
3.9341e-07	0.646608	0.645253	0.00104844
3.91475e-07	0.646387	0.645118	0.000982965
3.8956e-07	0.646274	0.644951	0.0010243
3.87662e-07	0.646283	0.645005	0.000989288
3.85784e-07	0.646335	0.644954	0.00106991
3.83923e-07	0.646375	0.645132	0.000962394
3.8208e-07	0.646445	0.645235	0.000936689
3.80255e-07	0.646598	0.64541	0.000919415
3.78447e-07	0.646787	0.645579	0.000934239
3.76656e-07	0.64689	0.645648	0.000961162
3.74882e-07	0.646855	0.645734	0.000866987
3.73125e-07	0.646731	0.645642	0.000842413
3.71384e-07	0.646569	0.645541	0.00079546
3.69659e-07	0.646358	0.645318	0.00080528
3.67951e-07	0.646763	0.645694	0.000826701
3.66258e-07	0.647526	0.646638	0.000686064
3.6458e-07	0.647707	0.647211	0.000383102
3.62918e-07	0.647486	0.647118	0.000284093
3.61271e-07	0.647226	0.646946	0.000216493
3.59639e-07	0.646985	0.646797	0.00014549
3.58021e-07	0.646844	0.64674	8.01452e-05
3.56418e-07	0.646896	0.646843	4.14295e-05
3.54829e-07	0.647156	0.647108	3.66337e-05
3.53254e-07	0.647574	0.647577	-1.80824e-06
3.51694e-07	0.648145	0.648226	-6.2619e-05
3.50147e-07	0.648923	0.649096	-0.000133788
3.48613e-07	0.64993	0.650089	-0.000122639
3.47093e-07	0.651085	0.651299	-0.000164433
3.45586e-07	0.65229	0.652565	-0.000210061
3.44092e-07	0.65356	0.654009	-0.00034354
3.42611e-07	0.655026	0.655576	-0.000419611
3.41143e-07	0.656948	0.657441	-0.000374687
3.39687e-07	0.659664	0.660315	-0.000492773
3.38244e-07	0.659347	0.6605	-0.000873372
3.36812e-07	0.659048	0.660478	-0.00108345
3.35393e-07	0.656501	0.658013	-0.00115046
3.33986e-07	0.654573	0.656138	-0.00119381
3.32591e-07	0.652758	0.654249	-0.00114052
3.31207e-07	0.650935	0.652452	-0.00116445
3.29834e-07	0.649123	0.65066	-0.00118265
3.28473e-07	0.647394	0.64888	-0.00114605
3.27123e-07	0.645775	0.647268	-0.001155
3.25784e-07	0.644265	0.645675	-0.00109317
3.24457e-07	0.642907	0.64438	-0.00114446
3.23139e-07	0.641782	0.643175	-0.00108423
3.21833e-07	0.640926	0.642292	-0.00106489
3.20537e-07	0.640301	0.641586	-0.0010027
3.19251e-07	0.639867	0.641128	-0.000984701
3.17976e-07	0.639638	0.640904	-0.000988922
3.16711e-07	0.639637	0.640802	-0.000909772
3.15456e-07	0.639805	0.640918	-0.000869208
3.14211e-07	0.640025	0.641025	-0.000780066
3.12975e-07	0.64023	0.641255	-0.000800333
3.11749e-07	0.640431	0.641383	-0.000742938
3.10533e-07	0.640631	0.641502	-0.000679848
3.09326e-07	0.640741	0.641483	-0.000578386
3.08129e-07	0.640658	0.641337	-0.000529275
3.06941e-07	0.640384	0.641074	-0.000538439
3.05762e-07	0.640027	0.640641	-0.000480022
3.04592e-07	0.639719	0.640226	-0.000396735
3.03431e-07	0.639246	0.639662	-0.000325067
3.02278e-07	0.638397	0.638905	-0.000397627
3.01135e-07	0.636642	0.637473	-0.000651835
3e-07	0.634867	0.635791	-0.000727481
