1.2e-06	0.608333	0.609692	-0.0011158
1.18218e-06	0.624661	0.626277	-0.00129147
1.16488e-06	0.632463	0.634042	-0.00124694
1.14808e-06	0.632094	0.633811	-0.00135637
1.13175e-06	0.62414	0.626265	-0.00169947
1.11589e-06	0.609099	0.610917	-0.00149002
1.10046e-06	0.587211	0.588263	-0.000894541
1.08545e-06	0.5585	0.55937	-0.000778578
1.07085e-06	0.523043	0.523708	-0.000635707
1.05664e-06	0.481679	0.481354	0.000337445
1.04279e-06	0.438733	0.436975	0.00200719
1.02931e-06	0.413763	0.408894	0.00591846
1.01617e-06	0.455519	0.44583	0.0107493
1.00336e-06	0.502549	0.494572	0.00799981
9.90871e-07	0.4567	0.454079	0.00287743
9.78689e-07	0.383914	0.384584	-0.000871532
9.66802e-07	0.313918	0.316106	-0.00347232
9.552e-07	0.250253	0.25406	-0.0075492
9.43874e-07	0.193115	0.198462	-0.0136531
9.32813e-07	0.142953	0.148811	-0.0200775
9.22008e-07	0.100688	0.107386	-0.0321883
9.1145e-07	0.0677428	0.0768016	-0.062672
9.01132e-07	0.0461763	0.0591466	-0.123148
8.91045e-07	0.0379047	0.0545333	-0.17989
8.81181e-07	0.0450323	0.0600986	-0.14331
8.71533e-07	0.0717881	0.0907992	-0.116928
8.62094e-07	0.106404	0.13339	-0.112538
8.52857e-07	0.15508	0.164817	-0.0304368
8.43816e-07	0.297517	0.307043	-0.015757
8.34965e-07	0.629159	0.61851	0.00853573
8.26298e-07	0.641553	0.644067	-0.00195592
8.17808e-07	0.628893	0.64155	-0.00996296
8.09492e-07	0.607772	0.629806	-0.0178041
8.01342e-07	0.581367	0.60582	-0.020597
7.93355e-07	0.553765	0.577834	-0.0212703
7.85526e-07	0.53038	0.556716	-0.0242262
7.7785e-07	0.517009	0.544136	-0.0255638
7.70323e-07	0.515296	0.538928	-0.0224165
7.62939e-07	0.521102	0.541987	-0.0196454
7.55696e-07	0.527837	0.548558	-0.0192499
7.48589e-07	0.529925	0.548963	-0.017646
7.41615e-07	0.525305	0.540443	-0.0142042
7.34769e-07	0.516403	0.527558	-0.0106849
7.28049e-07	0.509239	0.514504	-0.00514356
7.2145e-07	0.510253	0.506301	0.00388821
7.1497e-07	0.521725	0.508793	0.0125492
7.08605e-07	0.541391	0.522568	0.0176919
7.02353e-07	0.566104	0.54383	0.020068
6.9621e-07	0.597501	0.57554	0.0187217
6.90173e-07	0.605938	0.592872	0.010899
6.84241e-07	0.589824	0.581941	0.00672766
6.78409e-07	0.58084	0.575017	0.00503729
6.72676e-07	0.576843	0.572071	0.0041533
6.67039e-07	0.574783	0.571664	0.0027204
6.61496e-07	0.57439	0.572823	0.00136591
6.56044e-07	0.575926	0.57531	0.000535673
6.50681e-07	0.578988	0.579019	-2.68273e-05
6.45405e-07	0.582797	0.58278	1.47122e-05
6.40214e-07	0.586634	0.58591	0.000617293
6.35106e-07	0.590181	0.589382	0.00067783
6.30079e-07	0.593315	0.593355	-3.40609e-05
6.25131e-07	0.596371	0.59676	-0.000326133
6.2026e-07	0.599868	0.599658	0.000174977
6.15464e-07	0.603706	0.602963	0.000616189
6.10742e-07	0.607586	0.60676	0.000679905
6.06091e-07	0.611484	0.610634	0.000695146
6.01511e-07	0.615673	0.614808	0.000703253
5.97e-07	0.620301	0.619599	0.000566383
5.92556e-07	0.626794	0.626609	0.000147672
5.88177e-07	0.635766	0.635798	-2.45864e-05
5.83863e-07	0.640878	0.641266	-0.00030312
5.79612e-07	0.645446	0.64603	-0.00045272
5.75422e-07	0.649858	0.650559	-0.000539077
5.71292e-07	0.654176	0.655113	-0.000715835
5.67221e-07	0.658345	0.659515	-0.000887955
5.63208e-07	0.662268	0.66347	-0.000907008
5.59251e-07	0.665873	0.667013	-0.000854899
5.55349e-07	0.669163	0.670289	-0.000840886
5.51501e-07	0.672187	0.673295	-0.000823914
5.47706e-07	0.674984	0.67601	-0.000759467
5.43964e-07	0.67755	0.678459	-0.0006699
5.40271e-07	0.679837	0.680631	-0.000583641
5.36629e-07	0.681768	0.682481	-0.000522371
5.33036e-07	0.683269	0.683927	-0.000480644
5.2949e-07	0.684302	0.684909	-0.000442739
5.25991e-07	0.684879	0.685485	-0.000442492
5.22538e-07	0.685047	0.685703	-0.000478385
5.1913e-07	0.684861	0.685488	-0.000457935
5.15767e-07	0.684351	0.684866	-0.00037615
5.12446e-07	0.683517	0.683984	-0.000342038
5.09168e-07	0.682348	0.682827	-0.000351397
5.05932e-07	0.68085	0.681299	-0.000329335
5.02737e-07	0.679064	0.679519	-0.000335311
4.99582e-07	0.677053	0.677605	-0.000407326
4.96466e-07	0.674886	0.675446	-0.000414838
4.93388e-07	0.672624	0.673054	-0.0003199
4.90349e-07	0.670371	0.670724	-0.0002637
4.87347e-07	0.667686	0.667827	-0.000105748
4.84381e-07	0.663415	0.663537	-9.16071e-05
4.81452e-07	0.659394	0.659535	-0.000106579
4.78557e-07	0.655594	0.655773	-0.000136459
4.75697e-07	0.651957	0.652099	-0.000108764
4.72871e-07	0.648472	0.648533	-4.66166e-05
4.70079e-07	0.645128	0.645178	-3.80707e-05
4.67319e-07	0.641919	0.64197	-3.92033e-05
4.64591e-07	0.638856	0.638866	-8.08036e-06
4.61896e-07	0.635969	0.635999	-2.34693e-05
4.59231e-07	0.633298	0.633383	-6.73799e-05
4.56597e-07	0.630867	0.630905	-3.01201e-05
4.53992e-07	0.628673	0.628629	3.49449e-05
4.51418e-07	0.626691	0.62665	3.31022e-05
4.48872e-07	0.624896	0.62485	3.71582e-05
4.46355e-07	0.623277	0.623181	7.72253e-05
4.43866e-07	0.621841	0.62177	5.75935e-05
4.41405e-07	0.620601	0.620575	2.11267e-05
4.38971e-07	0.619557	0.619459	7.86224e-05
4.36563e-07	0.618685	0.618505	0.000145609
4.34182e-07	0.617951	0.617779	0.000139034
4.31826e-07	0.617326	0.617129	0.0001593
4.29496e-07	0.616804	0.616536	0.000217221
4.27191e-07	0.616407	0.616156	0.000203161
4.24911e-07	0.616177	0.615943	0.000189964
4.22655e-07	0.6162	0.615823	0.000306476
4.20423e-07	0.617392	0.616821	0.000462864
4.18214e-07	0.619714	0.619068	0.000521935
4.16028e-07	0.624013	0.623283	0.00058543
4.13865e-07	0.624808	0.624091	0.000573964
4.11724e-07	0.624922	0.624386	0.000429159
4.09605e-07	0.624785	0.624406	0.000303602
4.07509e-07	0.624567	0.624107	0.000368694
4.05433e-07	0.624345	0.623746	0.000479393
4.03378e-07	0.62415	0.623556	0.000475987
4.01345e-07	0.624	0.623427	0.000459631
3.99331e-07	0.623913	0.623277	0.000509827
3.97338e-07	0.623909	0.623219	0.00055328
3.95364e-07	0.624004	0.623284	0.000576824
3.9341e-07	0.624203	0.623448	0.000605154
3.91475e-07	0.624496	0.623751	0.000596944
3.8956e-07	0.624867	0.62415	0.000573996
3.87662e-07	0.625304	0.624568	0.000588552
3.85784e-07	0.625807	0.625097	0.000567496
3.83923e-07	0.626378	0.625757	0.0004953
3.8208e-07	0.627007	0.626357	0.000518472
3.80255e-07	0.627671	0.626888	0.000623938
3.78447e-07	0.628356	0.627568	0.000627818
3.76656e-07	0.629448	0.628681	0.000610346
3.74882e-07	0.630788	0.629879	0.000720794
3.73125e-07	0.633267	0.632667	0.000474006
3.71384e-07	0.634115	0.63383	0.000224144
3.69659e-07	0.634524	0.634341	0.000144327
3.67951e-07	0.634736	0.634418	0.000250737
3.66258e-07	0.634817	0.634449	0.000290067
3.6458e-07	0.634798	0.634526	0.00021378
3.62918e-07	0.634715	0.634443	0.000213954
3.61271e-07	0.634626	0.634307	0.000251991
3.59639e-07	0.634609	0.634391	0.000171562
3.58021e-07	0.634743	0.634647	7.5884e-05
3.56418e-07	0.635094	0.634991	8.1256e-05
3.54829e-07	0.635703	0.635615	6.97147e-05
3.53254e-07	0.636591	0.636594	-2.15985e-06
3.51694e-07	0.637773	0.637799	-2.04938e-05
3.50147e-07	0.639283	0.639306	-1.77438e-05
3.48613e-07	0.641216	0.641333	-9.12239e-05
3.47093e-07	0.643781	0.643991	-0.000162949
3.45586e-07	0.646164	0.646468	-0.000235155
3.44092e-07	0.649202	0.649713	-0.000393105
3.42611e-07	0.647201	0.647653	-0.000349265
3.41143e-07	0.646142	0.646531	-0.000300513
3.39687e-07	0.645289	0.645678	-0.000301309
3.38244e-07	0.644469	0.64494	-0.0003653
3.36812e-07	0.643604	0.644052	-0.000347958
3.35393e-07	0.64265	0.642976	-0.000253901
3.33986e-07	0.641579	0.641892	-0.000243433
3.32591e-07	0.64039	0.640749	-0.000279999
3.31207e-07	0.63911	0.639412	-0.000236098
3.29834e-07	0.637798	0.638052	-0.000199015
3.28473e-07	0.636525	0.636835	-0.000242999
3.27123e-07	0.635361	0.635654	-0.000230102
3.25784e-07	0.634358	0.634528	-0.000133751
3.24457e-07	0.633549	0.633683	-0.000105773
3.23139e-07	0.632959	0.63312	-0.000127461
3.21833e-07	0.632609	0.632714	-8.33781e-05
3.20537e-07	0.632518	0.632581	-4.96244e-05
3.19251e-07	0.632695	0.632801	-8.36554e-05
3.17976e-07	0.633129	0.633201	-5.7167e-05
3.16711e-07	0.63378	0.633736	3.50255e-05
3.15456e-07	0.634594	0.634527	5.26427e-05
3.14211e-07	0.635517	0.635468	3.80803e-05
3.12975e-07	0.636522	0.636408	8.93924e-05
3.11749e-07	0.637633	0.637505	0.000100346
3.10533e-07	0.639042	0.63904	1.80221e-06
3.09326e-07	0.639594	0.639808	-0.000167522
3.08129e-07	0.641069	0.641133	-4.99943e-05
3.06941e-07	0.63945	0.639582	-0.000103098
3.05762e-07	0.637922	0.638111	-0.000148559
3.04592e-07	0.636336	0.636515	-0.000140663
3.03431e-07	0.634671	0.634927	-0.000202191
3.02278e-07	0.632986	0.633394	-0.000322174
3.01135e-07	0.631356	0.631742	-0.000305577
3e-07	0.629835	0.630108	-0.000216528
