1.2e-06	0.56981	0.573344	-0.00309197
1.18218e-06	0.59218	0.595236	-0.00257399
1.16488e-06	0.60723	0.611903	-0.00383266
1.14808e-06	0.616375	0.620781	-0.00356195
1.13175e-06	0.616283	0.622441	-0.00497091
1.11589e-06	0.606751	0.614223	-0.00611927
1.10046e-06	0.586049	0.596024	-0.00843913
1.08545e-06	0.549478	0.564888	-0.0138289
1.07085e-06	0.499048	0.523846	-0.0242427
1.05664e-06	0.467084	0.509203	-0.0431417
1.04279e-06	0.549893	0.591797	-0.0367034
1.02931e-06	0.601813	0.624299	-0.018339
1.01617e-06	0.572129	0.583866	-0.0101537
1.00336e-06	0.520019	0.526836	-0.00651142
9.90871e-07	0.460121	0.4652	-0.00548827
9.78689e-07	0.399066	0.403183	-0.00513174
9.66802e-07	0.336304	0.339605	-0.00488292
9.552e-07	0.273821	0.277779	-0.00717639
9.43874e-07	0.213988	0.216974	-0.00692934
9.32813e-07	0.156874	0.161164	-0.0134897
9.22008e-07	0.106873	0.110757	-0.0178443
9.1145e-07	0.0647516	0.0698732	-0.0380432
9.01132e-07	0.0357724	0.0418188	-0.0779268
8.91045e-07	0.0298576	0.0359361	-0.0923866
8.81181e-07	0.0463115	0.0452089	0.0120476
8.71533e-07	0.0348582	0.0320201	0.0424376
8.62094e-07	0.0223486	0.0221835	0.00370893
8.52857e-07	0.0355269	0.0342312	0.0185733
8.43816e-07	0.0665325	0.0658592	0.00508549
8.34965e-07	0.117468	0.114576	0.0124615
8.26298e-07	0.194921	0.191643	0.00848038
8.17808e-07	0.301971	0.274178	0.0482389
8.09492e-07	0.343503	0.339688	0.00558269
8.01342e-07	0.37286	0.365215	0.0103578
7.93355e-07	0.401462	0.392035	0.0118807
7.85526e-07	0.432131	0.419546	0.0147774
7.7785e-07	0.458928	0.447149	0.0129993
7.70323e-07	0.488128	0.473175	0.0155554
7.62939e-07	0.512606	0.496904	0.0155535
7.55696e-07	0.533378	0.516609	0.0159708
7.48589e-07	0.551283	0.531743	0.0180422
7.41615e-07	0.561705	0.542207	0.0176628
7.34769e-07	0.566269	0.54619	0.0180491
7.28049e-07	0.560162	0.542318	0.0161852
7.2145e-07	0.543333	0.526928	0.0153281
7.1497e-07	0.516261	0.503306	0.0127058
7.08605e-07	0.482804	0.474121	0.00907399
7.02353e-07	0.451494	0.447613	0.00431687
6.9621e-07	0.42918	0.42991	-0.000848978
6.90173e-07	0.423905	0.429179	-0.00618256
6.84241e-07	0.436853	0.447075	-0.0115651
6.78409e-07	0.461448	0.476888	-0.0164545
6.72676e-07	0.476999	0.493386	-0.0168879
6.67039e-07	0.482532	0.496841	-0.0146106
6.61496e-07	0.491742	0.504522	-0.0128281
6.56044e-07	0.500649	0.512548	-0.0117441
6.50681e-07	0.509415	0.51999	-0.0102734
6.45405e-07	0.517407	0.526062	-0.00829424
6.40214e-07	0.524376	0.532066	-0.00727934
6.35106e-07	0.531107	0.537479	-0.00596314
6.30079e-07	0.53744	0.543313	-0.00543459
6.25131e-07	0.544325	0.548379	-0.00371016
6.2026e-07	0.55101	0.553936	-0.00264851
6.15464e-07	0.557651	0.559314	-0.00148892
6.10742e-07	0.564431	0.565507	-0.000951821
6.06091e-07	0.571759	0.572509	-0.000655852
6.01511e-07	0.580178	0.580571	-0.000338324
5.97e-07	0.588686	0.589256	-0.000483149
5.92556e-07	0.597578	0.598181	-0.000504772
5.88177e-07	0.606352	0.607507	-0.00095098
5.83863e-07	0.615129	0.616686	-0.0012635
5.79612e-07	0.626911	0.629089	-0.00173454
5.75422e-07	0.641179	0.643026	-0.00143844
5.71292e-07	0.649264	0.651618	-0.0018101
5.67221e-07	0.655998	0.658531	-0.00192635
5.63208e-07	0.661896	0.66374	-0.00139106
5.59251e-07	0.666305	0.668565	-0.00169236
5.55349e-07	0.670565	0.672213	-0.00122717
5.51501e-07	0.674435	0.675917	-0.00109755
5.47706e-07	0.677394	0.678712	-0.000972146
5.43964e-07	0.68061	0.681644	-0.000759444
5.40271e-07	0.68281	0.683524	-0.000522565
5.36629e-07	0.684614	0.685422	-0.00059026
5.33036e-07	0.686015	0.686172	-0.000114345
5.2949e-07	0.68647	0.686981	-0.000372537
5.25991e-07	0.686899	0.686785	8.26034e-05
5.22538e-07	0.686579	0.686767	-0.000136621
5.1913e-07	0.686113	0.685973	0.000101861
5.15767e-07	0.685397	0.685383	9.87781e-06
5.12446e-07	0.684292	0.684218	5.36467e-05
5.09168e-07	0.683223	0.683163	4.35797e-05
5.05932e-07	0.681703	0.681692	7.62053e-06
5.02737e-07	0.6802	0.680185	1.07452e-05
4.99582e-07	0.678385	0.678413	-2.00274e-05
4.96466e-07	0.67644	0.676491	-3.78823e-05
4.93388e-07	0.674424	0.674468	-3.25255e-05
4.90349e-07	0.67218	0.672283	-7.64863e-05
4.87347e-07	0.670139	0.670184	-3.35862e-05
4.84381e-07	0.667943	0.668067	-9.23429e-05
4.81452e-07	0.666355	0.666394	-2.97264e-05
4.78557e-07	0.665595	0.665622	-2.03705e-05
4.75697e-07	0.660319	0.660174	0.000109977
4.72871e-07	0.65315	0.653103	3.63873e-05
4.70079e-07	0.647883	0.647931	-3.70808e-05
4.67319e-07	0.643333	0.643326	5.88833e-06
4.64591e-07	0.639128	0.639191	-4.92649e-05
4.61896e-07	0.635417	0.635475	-4.5263e-05
4.59231e-07	0.631981	0.631994	-1.02003e-05
4.56597e-07	0.628836	0.628962	-0.000100118
4.53992e-07	0.626088	0.626055	2.70878e-05
4.51418e-07	0.623467	0.623612	-0.000115745
4.48872e-07	0.621267	0.621236	2.45578e-05
4.46355e-07	0.619201	0.619299	-7.90595e-05
4.43866e-07	0.617397	0.617409	-9.33971e-06
4.41405e-07	0.615845	0.61587	-2.03463e-05
4.38971e-07	0.614337	0.614378	-3.3404e-05
4.36563e-07	0.613136	0.613113	1.93287e-05
4.34182e-07	0.611908	0.61193	-1.80432e-05
4.31826e-07	0.610888	0.610851	3.02972e-05
4.29496e-07	0.60995	0.609918	2.66924e-05
4.27191e-07	0.609036	0.608986	4.1427e-05
4.24911e-07	0.608343	0.608262	6.63711e-05
4.22655e-07	0.607573	0.607468	8.6846e-05
4.20423e-07	0.60704	0.60694	8.25491e-05
4.18214e-07	0.606544	0.606338	0.000169767
4.16028e-07	0.606223	0.606108	9.466e-05
4.13865e-07	0.606396	0.606081	0.00025962
4.11724e-07	0.607741	0.607421	0.000263198
4.09605e-07	0.609423	0.608777	0.000531024
4.07509e-07	0.615526	0.614968	0.000453628
4.05433e-07	0.617367	0.616914	0.000366864
4.03378e-07	0.618521	0.617793	0.000588607
4.01345e-07	0.618988	0.618374	0.000495671
3.99331e-07	0.619373	0.618782	0.000477446
3.97338e-07	0.619696	0.618969	0.000586831
3.95364e-07	0.619866	0.619194	0.000542536
3.9341e-07	0.620004	0.619315	0.000555959
3.91475e-07	0.620286	0.619535	0.000605873
3.8956e-07	0.620493	0.61973	0.000614908
3.87662e-07	0.620741	0.620025	0.000576479
3.85784e-07	0.62119	0.620321	0.000699414
3.83923e-07	0.621444	0.620705	0.000594623
3.8208e-07	0.62191	0.621051	0.000691286
3.80255e-07	0.622314	0.621463	0.000684458
3.78447e-07	0.622571	0.621749	0.000660581
3.76656e-07	0.622992	0.622088	0.000725579
3.74882e-07	0.623086	0.622204	0.000708076
3.73125e-07	0.623231	0.622385	0.000679869
3.71384e-07	0.623258	0.622272	0.000791922
3.69659e-07	0.623074	0.622286	0.000632076
3.67951e-07	0.623252	0.622293	0.000769967
3.66258e-07	0.623135	0.622502	0.000508255
3.6458e-07	0.623507	0.622956	0.000442168
3.62918e-07	0.623449	0.62307	0.00030421
3.61271e-07	0.623225	0.62282	0.000325408
3.59639e-07	0.623106	0.622843	0.00021054
3.58021e-07	0.622987	0.62271	0.000222722
3.56418e-07	0.623063	0.62293	0.000106919
3.54829e-07	0.623294	0.623128	0.00013331
3.53254e-07	0.62371	0.623689	1.74259e-05
3.51694e-07	0.624369	0.624328	3.32256e-05
3.50147e-07	0.62522	0.625278	-4.58356e-05
3.48613e-07	0.626274	0.626359	-6.77469e-05
3.47093e-07	0.627513	0.627657	-0.000114895
3.45586e-07	0.62892	0.629105	-0.00014721
3.44092e-07	0.630427	0.630686	-0.00020544
3.42611e-07	0.632191	0.632476	-0.000225515
3.41143e-07	0.634127	0.634507	-0.000298895
3.39687e-07	0.636678	0.637178	-0.000392673
3.38244e-07	0.638816	0.63943	-0.000480364
3.36812e-07	0.640561	0.641492	-0.000725461
3.35393e-07	0.636671	0.637608	-0.000735232
3.33986e-07	0.634171	0.635242	-0.000844336
3.32591e-07	0.63196	0.633024	-0.000841584
3.31207e-07	0.629912	0.631026	-0.000883417
3.29834e-07	0.627861	0.629033	-0.000932762
3.28473e-07	0.62601	0.627164	-0.000921312
3.27123e-07	0.624153	0.625376	-0.000979075
3.25784e-07	0.622497	0.623727	-0.000986545
3.24457e-07	0.621029	0.622257	-0.000987646
3.23139e-07	0.619657	0.620958	-0.00104874
3.21833e-07	0.618665	0.619911	-0.00100586
3.20537e-07	0.61773	0.619045	-0.00106311
3.19251e-07	0.617128	0.618436	-0.0010585
3.17976e-07	0.616707	0.617987	-0.00103631
3.16711e-07	0.616373	0.617743	-0.00110992
3.15456e-07	0.616351	0.617614	-0.00102332
3.14211e-07	0.616225	0.617589	-0.00110582
3.12975e-07	0.616308	0.617612	-0.00105742
3.11749e-07	0.616318	0.617608	-0.00104579
3.10533e-07	0.616221	0.617584	-0.00110445
3.09326e-07	0.61619	0.61741	-0.000989453
3.08129e-07	0.615817	0.617174	-0.00110043
3.06941e-07	0.615501	0.616713	-0.000983303
3.05762e-07	0.614924	0.61619	-0.00102817
3.04592e-07	0.614223	0.615453	-0.00099978
3.03431e-07	0.613565	0.614693	-0.000918229
3.02278e-07	0.612736	0.61387	-0.000924439
3.01135e-07	0.611856	0.612811	-0.000779984
3e-07	0.610005	0.610966	-0.000787325
