1.2e-06	0.522274	0.524266	-0.00190331
1.18218e-06	0.531466	0.533381	-0.00179772
1.16488e-06	0.533547	0.535982	-0.00227674
1.14808e-06	0.526655	0.530139	-0.00329607
1.13175e-06	0.510348	0.515159	-0.00469127
1.11589e-06	0.484663	0.491639	-0.0071453
1.10046e-06	0.459097	0.470888	-0.0126791
1.08545e-06	0.475994	0.49394	-0.0185025
1.07085e-06	0.57973	0.599633	-0.0168755
1.05664e-06	0.670364	0.685459	-0.0111338
1.04279e-06	0.676061	0.685386	-0.00684917
1.02931e-06	0.636845	0.641818	-0.00388902
1.01617e-06	0.580689	0.5835	-0.00241532
1.00336e-06	0.517585	0.519272	-0.00162698
9.90871e-07	0.451622	0.452016	-0.000435325
9.78689e-07	0.383379	0.382923	0.000595735
9.66802e-07	0.3141	0.313625	0.000756665
9.552e-07	0.246858	0.24592	0.0019038
9.43874e-07	0.18372	0.182559	0.00316899
9.32813e-07	0.127364	0.126851	0.00201621
9.22008e-07	0.0832689	0.0839389	-0.00400698
9.1145e-07	0.058828	0.0621408	-0.027386
9.01132e-07	0.0648815	0.0748499	-0.0713402
8.91045e-07	0.0888811	0.106359	-0.0895205
8.81181e-07	0.0650605	0.0792504	-0.0983287
8.71533e-07	0.035381	0.0400366	-0.0617305
8.62094e-07	0.0241326	0.0248903	-0.0154554
8.52857e-07	0.0326492	0.0332698	-0.00941485
8.43816e-07	0.0603497	0.0629243	-0.0208852
8.34965e-07	0.102791	0.109046	-0.0295278
8.26298e-07	0.146201	0.158082	-0.0390445
8.17808e-07	0.177797	0.18991	-0.0329404
8.09492e-07	0.262141	0.25836	0.0072651
8.01342e-07	0.254653	0.25875	-0.00798169
7.93355e-07	0.365742	0.356585	0.0126772
7.85526e-07	0.39759	0.391722	0.0074347
7.7785e-07	0.426886	0.412871	0.0166886
7.70323e-07	0.458302	0.438101	0.0225354
7.62939e-07	0.482935	0.460849	0.0234018
7.55696e-07	0.49681	0.475162	0.0222724
7.48589e-07	0.503476	0.483393	0.02035
7.41615e-07	0.500285	0.477036	0.0237881
7.34769e-07	0.483444	0.463842	0.0206933
7.28049e-07	0.459009	0.43984	0.021326
7.2145e-07	0.433339	0.41622	0.0201495
7.1497e-07	0.406629	0.390612	0.0200906
7.08605e-07	0.381374	0.371143	0.0135964
7.02353e-07	0.363639	0.355353	0.011525
6.9621e-07	0.356168	0.349768	0.00906609
6.90173e-07	0.359128	0.354172	0.00694743
6.84241e-07	0.373339	0.370901	0.00327524
6.78409e-07	0.39695	0.396638	0.000394054
6.72676e-07	0.425386	0.428126	-0.00321064
6.67039e-07	0.457845	0.462369	-0.00491653
6.61496e-07	0.483926	0.490906	-0.00716018
6.56044e-07	0.494231	0.500403	-0.00620579
6.50681e-07	0.498991	0.504426	-0.0054157
6.45405e-07	0.504775	0.508955	-0.00412269
6.40214e-07	0.510451	0.514467	-0.00391826
6.35106e-07	0.516182	0.519749	-0.00344239
6.30079e-07	0.52196	0.525761	-0.00362843
6.25131e-07	0.527485	0.530984	-0.00330572
6.2026e-07	0.532681	0.536325	-0.00340851
6.15464e-07	0.537571	0.541245	-0.0034061
6.10742e-07	0.5425	0.54666	-0.00381891
6.06091e-07	0.548211	0.552314	-0.00372768
6.01511e-07	0.55508	0.559152	-0.00365441
5.97e-07	0.562888	0.56682	-0.00348134
5.92556e-07	0.571276	0.57522	-0.00344023
5.88177e-07	0.579643	0.58351	-0.00332428
5.83863e-07	0.587503	0.591683	-0.00354514
5.79612e-07	0.59504	0.599513	-0.0037448
5.75422e-07	0.602342	0.606907	-0.0037749
5.71292e-07	0.609018	0.613757	-0.00387589
5.67221e-07	0.616696	0.621453	-0.00384181
5.63208e-07	0.628292	0.632457	-0.00330355
5.59251e-07	0.6343	0.637975	-0.00288798
5.55349e-07	0.638508	0.642512	-0.00312545
5.51501e-07	0.642189	0.645967	-0.002933
5.47706e-07	0.645752	0.64899	-0.00250131
5.43964e-07	0.64868	0.651737	-0.00235049
5.40271e-07	0.650976	0.653808	-0.00217068
5.36629e-07	0.652951	0.655625	-0.00204389
5.33036e-07	0.654373	0.656627	-0.00171937
5.2949e-07	0.655109	0.657355	-0.00171088
5.25991e-07	0.655415	0.657399	-0.00151065
5.22538e-07	0.65533	0.657239	-0.00145428
5.1913e-07	0.654839	0.656607	-0.00134818
5.15767e-07	0.654104	0.655824	-0.00131252
5.12446e-07	0.653109	0.654711	-0.00122516
5.09168e-07	0.651817	0.653432	-0.00123696
5.05932e-07	0.650366	0.65189	-0.00117062
5.02737e-07	0.648689	0.65014	-0.00111675
4.99582e-07	0.646691	0.64817	-0.00114254
4.96466e-07	0.644549	0.645971	-0.00110196
4.93388e-07	0.642271	0.643612	-0.0010433
4.90349e-07	0.639703	0.641043	-0.00104659
4.87347e-07	0.63703	0.638407	-0.00107938
4.84381e-07	0.634403	0.635624	-0.000961794
4.81452e-07	0.631657	0.632906	-0.000987932
4.78557e-07	0.628906	0.630152	-0.000989284
4.75697e-07	0.626464	0.627657	-0.000950736
4.72871e-07	0.624299	0.625291	-0.000794212
4.70079e-07	0.622531	0.623685	-0.000926011
4.67319e-07	0.621628	0.622104	-0.000382947
4.64591e-07	0.616316	0.616734	-0.000338961
4.61896e-07	0.610901	0.61156	-0.000539131
4.59231e-07	0.606677	0.607209	-0.00043835
4.56597e-07	0.60301	0.603543	-0.000442042
4.53992e-07	0.599675	0.600247	-0.000476937
4.51418e-07	0.596783	0.597372	-0.00049302
4.48872e-07	0.594281	0.594771	-0.000411768
4.46355e-07	0.591949	0.592495	-0.000460245
4.43866e-07	0.589874	0.590431	-0.000471944
4.41405e-07	0.588128	0.588621	-0.000419175
4.38971e-07	0.586494	0.586969	-0.000405316
4.36563e-07	0.58497	0.585509	-0.000461323
4.34182e-07	0.583693	0.584153	-0.000393859
4.31826e-07	0.582492	0.582925	-0.000371441
4.29496e-07	0.581277	0.581749	-0.000405916
4.27191e-07	0.580216	0.580656	-0.000378672
4.24911e-07	0.579234	0.579591	-0.000308566
4.22655e-07	0.578191	0.578596	-0.000349539
4.20423e-07	0.577256	0.577632	-0.00032568
4.18214e-07	0.57645	0.576741	-0.000252793
4.16028e-07	0.575602	0.575899	-0.000257749
4.13865e-07	0.574837	0.57514	-0.000263215
4.11724e-07	0.574267	0.574463	-0.000170629
4.09605e-07	0.573729	0.573906	-0.00015469
4.07509e-07	0.57332	0.573517	-0.000171546
4.05433e-07	0.57333	0.573401	-6.20531e-05
4.03378e-07	0.574628	0.574633	-4.90642e-06
4.01345e-07	0.575835	0.575628	0.000179417
3.99331e-07	0.582353	0.581913	0.000377563
3.97338e-07	0.584395	0.583794	0.000515055
3.95364e-07	0.585453	0.585179	0.000233763
3.9341e-07	0.586321	0.586197	0.00010576
3.91475e-07	0.587292	0.58691	0.00032528
3.8956e-07	0.588106	0.587754	0.000299943
3.87662e-07	0.588665	0.588272	0.000333589
3.85784e-07	0.58919	0.588938	0.000214298
3.83923e-07	0.589758	0.589403	0.000300635
3.8208e-07	0.590282	0.589884	0.000336843
3.80255e-07	0.590689	0.590292	0.000336264
3.78447e-07	0.59096	0.590577	0.000323743
3.76656e-07	0.591207	0.590874	0.000281714
3.74882e-07	0.591453	0.590949	0.000425855
3.73125e-07	0.591485	0.591064	0.000356162
3.71384e-07	0.591317	0.59091	0.000344881
3.69659e-07	0.591194	0.590795	0.000337916
3.67951e-07	0.590989	0.590425	0.00047663
3.66258e-07	0.590503	0.590102	0.000339765
3.6458e-07	0.590016	0.589599	0.000353868
3.62918e-07	0.589676	0.589179	0.000421668
3.61271e-07	0.589231	0.588725	0.000430055
3.59639e-07	0.589055	0.588734	0.000272655
3.58021e-07	0.589173	0.589061	9.56661e-05
3.56418e-07	0.589684	0.589733	-4.19069e-05
3.54829e-07	0.589819	0.590034	-0.000182581
3.53254e-07	0.59013	0.59038	-0.000211744
3.51694e-07	0.590682	0.590917	-0.00019832
3.50147e-07	0.591246	0.591568	-0.000272263
3.48613e-07	0.591952	0.592425	-0.000399179
3.47093e-07	0.592944	0.593391	-0.00037685
3.45586e-07	0.593987	0.59449	-0.00042321
3.44092e-07	0.595008	0.595649	-0.000538914
3.42611e-07	0.596151	0.596837	-0.000575401
3.41143e-07	0.597305	0.59802	-0.00059845
3.39687e-07	0.598323	0.599136	-0.000678984
3.38244e-07	0.599305	0.600212	-0.000756639
3.36812e-07	0.60027	0.601186	-0.000762131
3.35393e-07	0.601157	0.602189	-0.000858167
3.33986e-07	0.602136	0.603213	-0.000893669
3.32591e-07	0.603818	0.605011	-0.000987141
3.31207e-07	0.604951	0.606235	-0.0010604
3.29834e-07	0.606787	0.608448	-0.00136628
3.28473e-07	0.602454	0.604116	-0.00137774
3.27123e-07	0.59945	0.601257	-0.00150538
3.25784e-07	0.597079	0.598892	-0.0015156
3.24457e-07	0.59515	0.596981	-0.00153658
3.23139e-07	0.593439	0.59526	-0.00153259
3.21833e-07	0.592005	0.593961	-0.00164959
3.20537e-07	0.590955	0.592791	-0.0015511
3.19251e-07	0.590117	0.592047	-0.00163247
3.17976e-07	0.589443	0.59136	-0.0016234
3.16711e-07	0.589082	0.591067	-0.00168196
3.15456e-07	0.58889	0.590729	-0.00155931
3.14211e-07	0.588686	0.590715	-0.00172055
3.12975e-07	0.588611	0.590527	-0.00162495
3.11749e-07	0.588616	0.590573	-0.00166007
3.10533e-07	0.588435	0.59032	-0.00159949
3.09326e-07	0.588158	0.590223	-0.00175209
3.08129e-07	0.587887	0.589726	-0.00156185
3.06941e-07	0.587354	0.589331	-0.00168025
3.05762e-07	0.586553	0.588482	-0.00164131
3.04592e-07	0.585734	0.58773	-0.00170103
3.03431e-07	0.584746	0.586542	-0.00153386
3.02278e-07	0.583482	0.585519	-0.00174261
3.01135e-07	0.582276	0.584153	-0.00160871
3e-07	0.581167	0.583074	-0.00163776
