1.2e-06	0.451393	0.4517	-0.000340341
1.18218e-06	0.481953	0.482388	-0.000450488
1.16488e-06	0.508111	0.508296	-0.000181195
1.14808e-06	0.526935	0.527048	-0.000107039
1.13175e-06	0.537042	0.53683	0.000198192
1.11589e-06	0.53689	0.536323	0.000528663
1.10046e-06	0.525709	0.524655	0.00100379
1.08545e-06	0.50373	0.501792	0.00192708
1.07085e-06	0.474406	0.471337	0.00324526
1.05664e-06	0.458304	0.453112	0.00569717
1.04279e-06	0.506244	0.499896	0.00630972
1.02931e-06	0.584126	0.579469	0.00400283
1.01617e-06	0.57882	0.577122	0.00146931
1.00336e-06	0.526372	0.525845	0.00050086
9.90871e-07	0.463343	0.463865	-0.000563176
9.78689e-07	0.400849	0.401333	-0.00060375
9.66802e-07	0.339356	0.340398	-0.00153365
9.552e-07	0.281112	0.281808	-0.00123556
9.43874e-07	0.225195	0.226299	-0.00244593
9.32813e-07	0.174164	0.17484	-0.00193623
9.22008e-07	0.127633	0.128643	-0.00393859
9.1145e-07	0.0885387	0.08918	-0.00360867
9.01132e-07	0.0573882	0.0583402	-0.00822642
8.91045e-07	0.0381718	0.0389824	-0.0105061
8.81181e-07	0.0349108	0.036052	-0.0160821
8.71533e-07	0.0488341	0.0498082	-0.00987556
8.62094e-07	0.0446784	0.0447652	-0.000970705
8.52857e-07	0.0356298	0.0356021	0.000388559
8.43816e-07	0.0431568	0.0444931	-0.015246
8.34965e-07	0.0444589	0.0467226	-0.0248266
8.26298e-07	0.0612309	0.0620185	-0.0063902
8.17808e-07	0.0982012	0.0981364	0.000329992
8.09492e-07	0.147639	0.146475	0.00395829
8.01342e-07	0.206571	0.207342	-0.00186143
7.93355e-07	0.299722	0.306908	-0.0118453
7.85526e-07	0.249394	0.277386	-0.0531384
7.7785e-07	0.37663	0.384715	-0.0106194
7.70323e-07	0.405886	0.424301	-0.0221825
7.62939e-07	0.438518	0.450978	-0.0140084
7.55696e-07	0.460166	0.475625	-0.0165206
7.48589e-07	0.487038	0.49902	-0.0121521
7.41615e-07	0.505613	0.520005	-0.0140327
7.34769e-07	0.521942	0.536418	-0.0136776
7.28049e-07	0.53003	0.546055	-0.0148924
7.2145e-07	0.531033	0.5479	-0.015633
7.1497e-07	0.526307	0.542679	-0.0153152
7.08605e-07	0.516173	0.531954	-0.0150567
7.02353e-07	0.503835	0.516644	-0.0125521
6.9621e-07	0.48717	0.498317	-0.0113106
6.90173e-07	0.472218	0.479968	-0.0081384
6.84241e-07	0.459293	0.46516	-0.00634622
6.78409e-07	0.454013	0.456691	-0.00293977
6.72676e-07	0.455259	0.455072	0.000205118
6.67039e-07	0.462127	0.459198	0.00317867
6.61496e-07	0.474506	0.469643	0.00515046
6.56044e-07	0.491972	0.48652	0.00557228
6.50681e-07	0.517151	0.510638	0.00633698
6.45405e-07	0.529077	0.522295	0.00645059
6.40214e-07	0.527744	0.521876	0.00559123
6.35106e-07	0.529786	0.524508	0.00500659
6.30079e-07	0.533222	0.528909	0.00406058
6.25131e-07	0.537023	0.533961	0.00285917
6.2026e-07	0.541603	0.539488	0.00195671
6.15464e-07	0.546635	0.545449	0.00108597
6.10742e-07	0.55221	0.551611	0.000542367
6.06091e-07	0.557864	0.558028	-0.000147084
6.01511e-07	0.564657	0.564907	-0.000221266
5.97e-07	0.571596	0.572297	-0.000612211
5.92556e-07	0.57932	0.580114	-0.000684995
5.88177e-07	0.586427	0.588153	-0.00146933
5.83863e-07	0.593879	0.596094	-0.00186111
5.79612e-07	0.6005	0.603728	-0.00268044
5.75422e-07	0.607573	0.610979	-0.00279433
5.71292e-07	0.613778	0.617757	-0.00323072
5.67221e-07	0.620253	0.623982	-0.00299662
5.63208e-07	0.625692	0.629665	-0.00316485
5.59251e-07	0.631389	0.63496	-0.00281941
5.55349e-07	0.636916	0.640599	-0.00288256
5.51501e-07	0.646829	0.649637	-0.00216597
5.47706e-07	0.651627	0.654525	-0.00221905
5.43964e-07	0.655408	0.658034	-0.00199943
5.40271e-07	0.658282	0.660756	-0.00187518
5.36629e-07	0.66042	0.662774	-0.00177887
5.33036e-07	0.661622	0.664097	-0.001867
5.2949e-07	0.662472	0.66476	-0.00172414
5.25991e-07	0.662342	0.664844	-0.00188554
5.22538e-07	0.662278	0.664458	-0.00164275
5.1913e-07	0.66136	0.663708	-0.0017718
5.15767e-07	0.660739	0.662683	-0.00146891
5.12446e-07	0.659393	0.661443	-0.00155227
5.09168e-07	0.658363	0.660021	-0.00125833
5.05932e-07	0.656694	0.658428	-0.00131895
5.02737e-07	0.655242	0.656662	-0.00108256
4.99582e-07	0.653231	0.654718	-0.00113668
4.96466e-07	0.651325	0.652593	-0.000972883
4.93388e-07	0.648967	0.650294	-0.00102094
4.90349e-07	0.64664	0.647833	-0.00092142
4.87347e-07	0.644001	0.645234	-0.000955903
4.84381e-07	0.641366	0.642526	-0.000903948
4.81452e-07	0.638574	0.639749	-0.000918957
4.78557e-07	0.6358	0.636945	-0.000899586
4.75697e-07	0.633031	0.634166	-0.000895434
4.72871e-07	0.630333	0.631466	-0.00089838
4.70079e-07	0.627804	0.62891	-0.000880055
4.67319e-07	0.625445	0.626568	-0.00089684
4.64591e-07	0.623436	0.62452	-0.000868709
4.61896e-07	0.621778	0.622878	-0.000883992
4.59231e-07	0.620857	0.621916	-0.000852757
4.56597e-07	0.619648	0.620243	-0.00047978
4.53992e-07	0.615338	0.616063	-0.000588544
4.51418e-07	0.611166	0.611786	-0.000506759
4.48872e-07	0.607853	0.608409	-0.000457475
4.46355e-07	0.605026	0.605555	-0.000436326
4.43866e-07	0.602624	0.603076	-0.000374749
4.41405e-07	0.600442	0.60089	-0.000373248
4.38971e-07	0.59857	0.598941	-0.000309909
4.36563e-07	0.59679	0.597182	-0.000328583
4.34182e-07	0.595255	0.595573	-0.000267263
4.31826e-07	0.593718	0.594081	-0.000305476
4.29496e-07	0.592388	0.592678	-0.000244815
4.27191e-07	0.590991	0.591342	-0.000297244
4.24911e-07	0.589779	0.590052	-0.00023128
4.22655e-07	0.588451	0.588791	-0.000289338
4.20423e-07	0.587303	0.587552	-0.000211265
4.18214e-07	0.58602	0.586333	-0.000267534
4.16028e-07	0.584941	0.585145	-0.000174024
4.13865e-07	0.583737	0.584001	-0.000225663
4.11724e-07	0.582778	0.582916	-0.000118872
4.09605e-07	0.581711	0.581907	-0.000168205
4.07509e-07	0.580926	0.580989	-5.47448e-05
4.05433e-07	0.580054	0.580178	-0.000107311
4.03378e-07	0.579499	0.579493	5.29235e-06
4.01345e-07	0.578895	0.578961	-5.63834e-05
3.99331e-07	0.578683	0.578622	5.22158e-05
3.97338e-07	0.578528	0.57856	-2.75798e-05
3.95364e-07	0.579412	0.579315	8.33321e-05
3.9341e-07	0.580715	0.580744	-2.49674e-05
3.91475e-07	0.583859	0.583672	0.000160171
3.8956e-07	0.589191	0.589211	-1.71496e-05
3.87662e-07	0.591344	0.591076	0.000226666
3.85784e-07	0.592343	0.592254	7.49856e-05
3.83923e-07	0.593436	0.593169	0.000225408
3.8208e-07	0.594208	0.59394	0.000225563
3.80255e-07	0.59476	0.594588	0.00014448
3.78447e-07	0.595353	0.595103	0.000210362
3.76656e-07	0.595599	0.595468	0.00010961
3.74882e-07	0.595891	0.595672	0.000183309
3.73125e-07	0.595912	0.595714	0.000165834
3.71384e-07	0.59584	0.595605	0.000197836
3.69659e-07	0.595651	0.595361	0.000243426
3.67951e-07	0.595256	0.595002	0.000213714
3.66258e-07	0.594865	0.594544	0.000270078
3.6458e-07	0.59425	0.594007	0.00020467
3.62918e-07	0.593701	0.593414	0.000242333
3.61271e-07	0.593021	0.592793	0.000192621
3.59639e-07	0.59242	0.592178	0.000204662
3.58021e-07	0.591858	0.591609	0.000210777
3.56418e-07	0.591356	0.591128	0.000193215
3.54829e-07	0.591091	0.59078	0.000263802
3.53254e-07	0.590859	0.590615	0.000206672
3.51694e-07	0.591338	0.590905	0.000366234
3.50147e-07	0.591772	0.591501	0.000229679
3.48613e-07	0.593003	0.592703	0.00025346
3.47093e-07	0.593649	0.593502	0.000123668
3.45586e-07	0.594585	0.594318	0.000224787
3.44092e-07	0.595252	0.595173	6.55622e-05
3.42611e-07	0.596234	0.596037	0.00016491
3.41143e-07	0.596887	0.596865	1.82439e-05
3.39687e-07	0.597747	0.597615	0.000111244
3.38244e-07	0.598253	0.59825	3.07965e-06
3.36812e-07	0.598835	0.598745	7.46279e-05
3.35393e-07	0.599095	0.59909	4.33273e-06
3.33986e-07	0.599339	0.59929	4.12213e-05
3.32591e-07	0.599372	0.59937	2.10926e-06
3.31207e-07	0.59938	0.599377	2.30531e-06
3.29834e-07	0.599376	0.599385	-7.95046e-06
3.28473e-07	0.599453	0.599496	-3.61521e-05
3.27123e-07	0.59984	0.59986	-1.65268e-05
3.25784e-07	0.600801	0.600833	-2.68246e-05
3.24457e-07	0.602493	0.602485	7.16398e-06
3.23139e-07	0.604254	0.60447	-0.000178336
3.21833e-07	0.603989	0.604213	-0.000185802
3.20537e-07	0.601542	0.601677	-0.000112093
3.19251e-07	0.599953	0.600089	-0.000113571
3.17976e-07	0.598883	0.599003	-0.000100426
3.16711e-07	0.598156	0.598257	-8.50695e-05
3.15456e-07	0.597652	0.597753	-8.45081e-05
3.14211e-07	0.597327	0.597412	-7.10748e-05
3.12975e-07	0.597072	0.59716	-7.41353e-05
3.11749e-07	0.596852	0.596926	-6.19433e-05
3.10533e-07	0.59657	0.596644	-6.24653e-05
3.09326e-07	0.596205	0.59626	-4.6188e-05
3.08129e-07	0.595679	0.595727	-4.04855e-05
3.06941e-07	0.594995	0.595013	-1.5479e-05
3.05762e-07	0.594099	0.594104	-4.61697e-06
3.04592e-07	0.593042	0.593007	2.98668e-05
3.03431e-07	0.591795	0.591747	4.00866e-05
3.02278e-07	0.590464	0.590367	8.17653e-05
3.01135e-07	0.589019	0.58892	8.38183e-05
3e-07	0.587618	0.587465	0.000129937
