1.2e-06	0.335086	0.341546	-0.00954654
1.18218e-06	0.377152	0.384765	-0.00999119
1.16488e-06	0.430583	0.438708	-0.0093458
1.14808e-06	0.482748	0.491644	-0.00912974
1.13175e-06	0.523476	0.53275	-0.0087807
1.11589e-06	0.547581	0.556723	-0.00827862
1.10046e-06	0.554202	0.564198	-0.0089385
1.08545e-06	0.544941	0.555112	-0.00924636
1.07085e-06	0.522358	0.532851	-0.00994387
1.05664e-06	0.489291	0.501128	-0.0119514
1.04279e-06	0.449145	0.461372	-0.0134295
1.02931e-06	0.408178	0.422197	-0.016882
1.01617e-06	0.383842	0.400885	-0.0217177
1.00336e-06	0.412375	0.431013	-0.0220991
9.90871e-07	0.440464	0.456425	-0.017796
9.78689e-07	0.376015	0.387109	-0.0145378
9.66802e-07	0.29405	0.302492	-0.0141527
9.552e-07	0.226734	0.235288	-0.0185157
9.43874e-07	0.175996	0.183835	-0.0217855
9.32813e-07	0.141871	0.149733	-0.0269617
9.22008e-07	0.125781	0.133985	-0.031583
9.1145e-07	0.130033	0.136781	-0.0252892
9.01132e-07	0.155866	0.162031	-0.019393
8.91045e-07	0.195527	0.198809	-0.00832308
8.81181e-07	0.210878	0.208115	0.00659301
8.71533e-07	0.151241	0.143807	0.0251944
8.62094e-07	0.0792013	0.0694919	0.0652982
8.52857e-07	0.0788617	0.0713792	0.049803
8.43816e-07	0.156125	0.155391	0.00235566
8.34965e-07	0.476294	0.478556	-0.0023688
8.26298e-07	0.462999	0.478475	-0.0164385
8.17808e-07	0.470233	0.487196	-0.0177173
8.09492e-07	0.477803	0.493993	-0.0166604
8.01342e-07	0.484811	0.503705	-0.0191138
7.93355e-07	0.49196	0.513883	-0.0217954
7.85526e-07	0.500087	0.522714	-0.0221228
7.7785e-07	0.510194	0.534895	-0.023636
7.70323e-07	0.523217	0.5486	-0.0236822
7.62939e-07	0.539324	0.5639	-0.0222762
7.55696e-07	0.558224	0.581017	-0.0200069
7.48589e-07	0.579527	0.597776	-0.0155011
7.41615e-07	0.600948	0.615174	-0.0116976
7.34769e-07	0.618503	0.629213	-0.0085841
7.28049e-07	0.628998	0.63666	-0.00605401
7.2145e-07	0.631229	0.63852	-0.00574246
7.1497e-07	0.625939	0.632189	-0.00496756
7.08605e-07	0.615809	0.620198	-0.00355103
7.02353e-07	0.607328	0.60951	-0.00179338
6.9621e-07	0.613961	0.610311	0.0029812
6.90173e-07	0.654383	0.64473	0.00743015
6.84241e-07	0.650788	0.646129	0.0035919
6.78409e-07	0.644273	0.641935	0.00181826
6.72676e-07	0.640814	0.640646	0.000130782
6.67039e-07	0.638074	0.638828	-0.00059027
6.61496e-07	0.635077	0.635743	-0.00052369
6.56044e-07	0.632064	0.633212	-0.000906691
6.50681e-07	0.630052	0.630616	-0.000447755
6.45405e-07	0.629196	0.628957	0.000189687
6.40214e-07	0.628535	0.627653	0.000702196
6.35106e-07	0.628115	0.625885	0.00177767
6.30079e-07	0.628974	0.626442	0.0020161
6.25131e-07	0.631043	0.628692	0.00186665
6.2026e-07	0.633342	0.630867	0.00195812
6.15464e-07	0.635613	0.633665	0.00153535
6.10742e-07	0.63852	0.636918	0.001256
6.06091e-07	0.64262	0.64136	0.00098116
6.01511e-07	0.647917	0.647339	0.000446477
5.97e-07	0.654136	0.653752	0.000293591
5.92556e-07	0.661065	0.660847	0.00016438
5.88177e-07	0.678647	0.678867	-0.000161812
5.83863e-07	0.687103	0.687338	-0.000171325
5.79612e-07	0.693527	0.693951	-0.000305462
5.75422e-07	0.698998	0.699601	-0.000431246
5.71292e-07	0.703926	0.704769	-0.000598336
5.67221e-07	0.708496	0.709539	-0.000735065
5.63208e-07	0.712781	0.713812	-0.000723037
5.59251e-07	0.716821	0.718024	-0.000838497
5.55349e-07	0.72065	0.721806	-0.00080133
5.51501e-07	0.724256	0.725247	-0.000683261
5.47706e-07	0.727579	0.728659	-0.000741643
5.43964e-07	0.73053	0.731472	-0.000643847
5.40271e-07	0.733041	0.733927	-0.000604053
5.36629e-07	0.735075	0.736056	-0.000666651
5.33036e-07	0.736627	0.73747	-0.000571744
5.2949e-07	0.737716	0.738568	-0.000576762
5.25991e-07	0.738375	0.739201	-0.000558986
5.22538e-07	0.738643	0.739306	-0.000448695
5.1913e-07	0.73856	0.73921	-0.000440167
5.15767e-07	0.738162	0.738689	-0.000357017
5.12446e-07	0.737481	0.73791	-0.000291195
5.09168e-07	0.736547	0.73697	-0.000286896
5.05932e-07	0.735394	0.735716	-0.000218871
5.02737e-07	0.734058	0.73439	-0.000225714
4.99582e-07	0.732593	0.732897	-0.000206977
4.96466e-07	0.731068	0.731304	-0.000161622
4.93388e-07	0.729576	0.729823	-0.00016928
4.90349e-07	0.72837	0.728466	-6.5467e-05
4.87347e-07	0.728401	0.728355	3.15831e-05
4.84381e-07	0.720624	0.720508	8.05357e-05
4.81452e-07	0.715083	0.714921	0.000113922
4.78557e-07	0.710423	0.710267	0.000109619
4.75697e-07	0.706204	0.706035	0.000119778
4.72871e-07	0.702284	0.702098	0.000132621
4.70079e-07	0.698611	0.69848	9.35999e-05
4.67319e-07	0.695173	0.695003	0.000122024
4.64591e-07	0.691966	0.691808	0.000114532
4.61896e-07	0.688992	0.688847	0.000105254
4.59231e-07	0.686249	0.68603	0.000160142
4.56597e-07	0.683736	0.683537	0.000145503
4.53992e-07	0.681445	0.681209	0.000172901
4.51418e-07	0.679364	0.67908	0.000208955
4.48872e-07	0.677477	0.677239	0.00017589
4.46355e-07	0.675771	0.675485	0.000211459
4.43866e-07	0.674233	0.673958	0.000204364
4.41405e-07	0.672856	0.672613	0.000180474
4.38971e-07	0.671633	0.671326	0.000228314
4.36563e-07	0.670554	0.670271	0.000211206
4.34182e-07	0.669607	0.669289	0.000237406
4.31826e-07	0.668777	0.668383	0.00029438
4.29496e-07	0.668046	0.667665	0.000285571
4.27191e-07	0.667408	0.666944	0.000348072
4.24911e-07	0.666869	0.666361	0.000381512
4.22655e-07	0.666477	0.665968	0.000381747
4.20423e-07	0.666393	0.665763	0.000472831
4.18214e-07	0.668373	0.667601	0.000577671
4.16028e-07	0.672365	0.671627	0.000549192
4.13865e-07	0.67314	0.672389	0.000557707
4.11724e-07	0.673303	0.672632	0.00049856
4.09605e-07	0.673169	0.67249	0.000504119
4.07509e-07	0.672866	0.672154	0.000529502
4.05433e-07	0.672471	0.671788	0.000508176
4.03378e-07	0.672039	0.671337	0.000522481
4.01345e-07	0.671609	0.670914	0.000517247
3.99331e-07	0.671214	0.670522	0.000515454
3.97338e-07	0.670879	0.67018	0.000521546
3.95364e-07	0.670627	0.669963	0.000495416
3.9341e-07	0.670474	0.669784	0.000514986
3.91475e-07	0.670425	0.669738	0.000512958
3.8956e-07	0.670476	0.669813	0.00049464
3.87662e-07	0.670611	0.669896	0.000533618
3.85784e-07	0.670805	0.670108	0.00051977
3.83923e-07	0.671028	0.67034	0.000513324
3.8208e-07	0.671247	0.670516	0.00054432
3.80255e-07	0.671428	0.670748	0.000506669
3.78447e-07	0.671543	0.670874	0.000498619
3.76656e-07	0.671571	0.670906	0.000495558
3.74882e-07	0.671626	0.671053	0.000426648
3.73125e-07	0.673558	0.673068	0.000363859
3.71384e-07	0.674273	0.673945	0.000243469
3.69659e-07	0.674476	0.674314	0.000119658
3.67951e-07	0.674437	0.674341	7.10558e-05
3.66258e-07	0.67425	0.674209	3.02822e-05
3.6458e-07	0.673977	0.673987	-7.76044e-06
3.62918e-07	0.673675	0.673716	-3.09421e-05
3.61271e-07	0.6734	0.673492	-6.84407e-05
3.59639e-07	0.673208	0.673329	-9.02715e-05
3.58021e-07	0.673149	0.673312	-0.000121284
3.56418e-07	0.673266	0.67349	-0.000165989
3.54829e-07	0.673593	0.673857	-0.000195244
3.53254e-07	0.674152	0.674475	-0.000239372
3.51694e-07	0.674956	0.675357	-0.000297332
3.50147e-07	0.676015	0.676495	-0.000354437
3.48613e-07	0.677357	0.677925	-0.000418957
3.47093e-07	0.679065	0.679779	-0.000525646
3.45586e-07	0.681567	0.682467	-0.000660385
3.44092e-07	0.684013	0.685259	-0.000910317
3.42611e-07	0.681918	0.683072	-0.000845415
3.41143e-07	0.680814	0.682008	-0.000876127
3.39687e-07	0.679907	0.681094	-0.000872364
3.38244e-07	0.679024	0.680192	-0.000859626
3.36812e-07	0.678088	0.679261	-0.000864509
3.35393e-07	0.677064	0.678204	-0.000841316
3.33986e-07	0.675941	0.677078	-0.000840957
3.32591e-07	0.674725	0.675847	-0.000830897
3.31207e-07	0.673442	0.674529	-0.000806415
3.29834e-07	0.672131	0.673225	-0.000812783
3.28473e-07	0.670841	0.671892	-0.000782728
3.27123e-07	0.669622	0.670642	-0.000760538
3.25784e-07	0.668525	0.669537	-0.000756718
3.24457e-07	0.667594	0.668537	-0.000705612
3.23139e-07	0.666867	0.667789	-0.000690924
3.21833e-07	0.666364	0.66726	-0.000671642
3.20537e-07	0.666092	0.666915	-0.000617705
3.19251e-07	0.66604	0.666865	-0.000618634
3.17976e-07	0.666187	0.666968	-0.000585611
3.16711e-07	0.666503	0.667228	-0.00054395
3.15456e-07	0.666952	0.667687	-0.00055026
3.14211e-07	0.667499	0.668163	-0.000497569
3.12975e-07	0.668104	0.668729	-0.000467048
3.11749e-07	0.668736	0.669353	-0.000461274
3.10533e-07	0.669378	0.66991	-0.000397091
3.09326e-07	0.67007	0.670591	-0.000388701
3.08129e-07	0.671011	0.671678	-0.00049675
3.06941e-07	0.669941	0.670695	-0.000562485
3.05762e-07	0.668731	0.669576	-0.000632067
3.04592e-07	0.667455	0.668316	-0.000644866
3.03431e-07	0.666083	0.666974	-0.000668825
3.02278e-07	0.664645	0.665619	-0.000732136
3.01135e-07	0.663198	0.664164	-0.000727524
3e-07	0.661807	0.662813	-0.000759533
