1.2e-06	0.514581	0.514803	-0.00021636
1.18218e-06	0.531956	0.532212	-0.000240096
1.16488e-06	0.543076	0.542757	0.000293682
1.14808e-06	0.545373	0.545559	-0.000170979
1.13175e-06	0.540107	0.539254	0.000790537
1.11589e-06	0.524289	0.523771	0.00049415
1.10046e-06	0.50048	0.498931	0.00154944
1.08545e-06	0.470867	0.468629	0.00238128
1.07085e-06	0.450694	0.447473	0.00358631
1.05664e-06	0.478496	0.473692	0.00504521
1.04279e-06	0.568458	0.564599	0.00340558
1.02931e-06	0.626928	0.624313	0.00208959
1.01617e-06	0.607756	0.607165	0.000486462
1.00336e-06	0.552744	0.552778	-3.03818e-05
9.90871e-07	0.487728	0.488161	-0.000444337
9.78689e-07	0.42092	0.421919	-0.00118537
9.66802e-07	0.356208	0.356828	-0.000869193
9.552e-07	0.292685	0.294003	-0.00224771
9.43874e-07	0.233388	0.234279	-0.00190591
9.32813e-07	0.17757	0.178945	-0.00385597
9.22008e-07	0.127705	0.129158	-0.0056567
9.1145e-07	0.0851628	0.086893	-0.0100559
9.01132e-07	0.0517168	0.0543628	-0.0249427
8.91045e-07	0.0316732	0.0356416	-0.0589523
8.81181e-07	0.0298027	0.0377069	-0.117082
8.71533e-07	0.0506136	0.068172	-0.147816
8.62094e-07	0.0678381	0.092219	-0.152326
8.52857e-07	0.0416589	0.0559517	-0.146427
8.43816e-07	0.0211378	0.0283049	-0.14496
8.34965e-07	0.0270455	0.0315821	-0.0773803
8.26298e-07	0.0519161	0.0560409	-0.0382079
8.17808e-07	0.0925351	0.0959103	-0.0179111
8.09492e-07	0.138839	0.14385	-0.0177261
8.01342e-07	0.206524	0.206092	0.00104703
7.93355e-07	0.319389	0.323272	-0.00604118
7.85526e-07	0.230661	0.251529	-0.0432769
7.7785e-07	0.381022	0.39569	-0.018885
7.70323e-07	0.415606	0.429895	-0.0169007
7.62939e-07	0.439009	0.448959	-0.011206
7.55696e-07	0.460928	0.474231	-0.0142252
7.48589e-07	0.473614	0.492689	-0.0197396
7.41615e-07	0.479473	0.499023	-0.0199802
7.34769e-07	0.47474	0.498871	-0.0247852
7.28049e-07	0.468254	0.485116	-0.0176864
7.2145e-07	0.460484	0.467096	-0.00712826
7.1497e-07	0.455218	0.450158	0.00558892
7.08605e-07	0.445635	0.432497	0.0149611
7.02353e-07	0.435782	0.417531	0.0213879
6.9621e-07	0.421872	0.402283	0.0237686
6.90173e-07	0.412137	0.391518	0.0256566
6.84241e-07	0.405577	0.389014	0.0208441
6.78409e-07	0.408003	0.393418	0.0181994
6.72676e-07	0.41625	0.404947	0.0137641
6.67039e-07	0.430562	0.421322	0.0108465
6.61496e-07	0.450167	0.442878	0.00816196
6.56044e-07	0.472992	0.468574	0.00469275
6.50681e-07	0.502101	0.497708	0.00439431
6.45405e-07	0.521629	0.517543	0.00393228
6.40214e-07	0.520885	0.517008	0.0037353
6.35106e-07	0.522764	0.519462	0.00316783
6.30079e-07	0.525749	0.523279	0.00235505
6.25131e-07	0.529914	0.527664	0.00212733
6.2026e-07	0.533529	0.532232	0.00121762
6.15464e-07	0.538097	0.536888	0.00112396
6.10742e-07	0.541896	0.541709	0.000172741
6.06091e-07	0.546586	0.5468	-0.000195665
6.01511e-07	0.552246	0.552728	-0.000436202
5.97e-07	0.558186	0.559504	-0.00117891
5.92556e-07	0.565237	0.566872	-0.00144353
5.88177e-07	0.571592	0.574565	-0.00259332
5.83863e-07	0.578582	0.581921	-0.00287759
5.79612e-07	0.58495	0.588934	-0.0033938
5.75422e-07	0.591289	0.595461	-0.00351538
5.71292e-07	0.597497	0.601387	-0.00324404
5.67221e-07	0.602832	0.606898	-0.00336165
5.63208e-07	0.608374	0.6118	-0.00280793
5.59251e-07	0.612931	0.61648	-0.00288695
5.55349e-07	0.618089	0.621184	-0.00249745
5.51501e-07	0.626734	0.629236	-0.00199149
5.47706e-07	0.63115	0.63406	-0.00230042
5.43964e-07	0.634849	0.637603	-0.00216412
5.40271e-07	0.637383	0.64033	-0.00230645
5.36629e-07	0.639698	0.64236	-0.00207619
5.33036e-07	0.640936	0.643798	-0.00222782
5.2949e-07	0.641858	0.644513	-0.00206414
5.25991e-07	0.642151	0.644749	-0.00201901
5.22538e-07	0.641908	0.644539	-0.00204486
5.1913e-07	0.641544	0.643857	-0.0017995
5.15767e-07	0.640554	0.642997	-0.00190364
5.12446e-07	0.639584	0.64172	-0.00166676
5.09168e-07	0.638177	0.640288	-0.00165152
5.05932e-07	0.636538	0.638587	-0.00160694
5.02737e-07	0.634822	0.636604	-0.00140132
4.99582e-07	0.632543	0.634492	-0.00153816
4.96466e-07	0.63044	0.63203	-0.00125937
4.93388e-07	0.627713	0.629481	-0.00140613
4.90349e-07	0.625112	0.62667	-0.00124439
4.87347e-07	0.622191	0.623731	-0.00123621
4.84381e-07	0.619117	0.620711	-0.00128622
4.81452e-07	0.616175	0.617539	-0.00110605
4.78557e-07	0.612856	0.614441	-0.00129151
4.75697e-07	0.609959	0.611269	-0.00107279
4.72871e-07	0.606759	0.60824	-0.00121875
4.70079e-07	0.603969	0.605323	-0.00111898
4.67319e-07	0.60125	0.602577	-0.00110231
4.64591e-07	0.598768	0.600157	-0.00115899
4.61896e-07	0.596816	0.598019	-0.0010061
4.59231e-07	0.595203	0.596491	-0.00108098
4.56597e-07	0.594052	0.59465	-0.000502976
4.53992e-07	0.58991	0.590797	-0.000751723
4.51418e-07	0.586188	0.586914	-0.000618905
4.48872e-07	0.583134	0.583787	-0.000559669
4.46355e-07	0.580417	0.581156	-0.000636684
4.43866e-07	0.578281	0.578814	-0.000460285
4.41405e-07	0.576108	0.576789	-0.000591257
4.38971e-07	0.574444	0.574951	-0.000440447
4.36563e-07	0.572735	0.573299	-0.000492195
4.34182e-07	0.571268	0.571796	-0.000462588
4.31826e-07	0.569934	0.570374	-0.000386564
4.29496e-07	0.56854	0.569071	-0.000466794
4.27191e-07	0.56743	0.567797	-0.00032351
4.24911e-07	0.566126	0.566597	-0.000415984
4.22655e-07	0.565065	0.565419	-0.000313307
4.20423e-07	0.563907	0.56427	-0.000321291
4.18214e-07	0.562803	0.563165	-0.000321812
4.16028e-07	0.561822	0.562078	-0.000227783
4.13865e-07	0.560729	0.561067	-0.00030118
4.11724e-07	0.559904	0.560099	-0.000173591
4.09605e-07	0.558966	0.559222	-0.000229015
4.07509e-07	0.558255	0.558432	-0.000157804
4.05433e-07	0.557604	0.557742	-0.000124222
4.03378e-07	0.557027	0.557185	-0.000142177
4.01345e-07	0.556731	0.556762	-2.7881e-05
3.99331e-07	0.556446	0.556537	-8.16433e-05
3.97338e-07	0.556591	0.556555	3.23886e-05
3.95364e-07	0.557179	0.557093	7.73223e-05
3.9341e-07	0.558878	0.558729	0.000133354
3.91475e-07	0.562349	0.561974	0.000333538
3.8956e-07	0.568346	0.567979	0.000323172
3.87662e-07	0.570609	0.570159	0.000395173
3.85784e-07	0.571746	0.571522	0.000195593
3.83923e-07	0.573088	0.572516	0.000499818
3.8208e-07	0.573728	0.573466	0.000227996
3.80255e-07	0.574617	0.574142	0.000413503
3.78447e-07	0.575087	0.574689	0.000345948
3.76656e-07	0.575606	0.575219	0.000336821
3.74882e-07	0.575921	0.575477	0.000385617
3.73125e-07	0.576115	0.575703	0.000357831
3.71384e-07	0.576188	0.575772	0.000361077
3.69659e-07	0.576121	0.57565	0.00040858
3.67951e-07	0.575907	0.575499	0.00035387
3.66258e-07	0.575639	0.575148	0.000426947
3.6458e-07	0.57519	0.574744	0.000387675
3.62918e-07	0.574768	0.574288	0.000417498
3.61271e-07	0.574245	0.573746	0.000435335
3.59639e-07	0.573744	0.573279	0.000405408
3.58021e-07	0.57336	0.572817	0.000473854
3.56418e-07	0.572916	0.572462	0.000396645
3.54829e-07	0.572844	0.572274	0.00049768
3.53254e-07	0.572668	0.572231	0.000382071
3.51694e-07	0.573231	0.572593	0.000557187
3.50147e-07	0.5738	0.573342	0.000399276
3.48613e-07	0.575131	0.574809	0.000279904
3.47093e-07	0.576016	0.5758	0.000187341
3.45586e-07	0.576844	0.576723	0.000105076
3.44092e-07	0.577881	0.577709	0.00014851
3.42611e-07	0.578675	0.578662	1.07824e-05
3.41143e-07	0.579758	0.579617	0.00012182
3.39687e-07	0.58047	0.580526	-4.79623e-05
3.38244e-07	0.581352	0.581274	6.67573e-05
3.36812e-07	0.58192	0.581981	-5.23055e-05
3.35393e-07	0.582421	0.582462	-3.54182e-05
3.33986e-07	0.58281	0.582838	-2.34304e-05
3.32591e-07	0.582945	0.583108	-0.000139561
3.31207e-07	0.583202	0.583227	-2.18006e-05
3.29834e-07	0.583222	0.583441	-0.000187837
3.28473e-07	0.583554	0.583648	-8.03555e-05
3.27123e-07	0.583977	0.584167	-0.000162468
3.25784e-07	0.585007	0.585194	-0.000159968
3.24457e-07	0.586797	0.586909	-9.53193e-05
3.23139e-07	0.588514	0.58902	-0.000429678
3.21833e-07	0.588216	0.588794	-0.000491192
3.20537e-07	0.585602	0.586035	-0.000369412
3.19251e-07	0.583895	0.584356	-0.00039471
3.17976e-07	0.582732	0.583191	-0.000394055
3.16711e-07	0.581946	0.582418	-0.000405674
3.15456e-07	0.581418	0.581872	-0.000390484
3.14211e-07	0.58107	0.581543	-0.000406555
3.12975e-07	0.580842	0.581301	-0.000395007
3.11749e-07	0.580644	0.581093	-0.000387179
3.10533e-07	0.580406	0.580875	-0.000403554
3.09326e-07	0.580103	0.580526	-0.000363809
3.08129e-07	0.579616	0.580078	-0.00039797
3.06941e-07	0.579003	0.579413	-0.000354261
3.05762e-07	0.578143	0.57857	-0.000369079
3.04592e-07	0.577117	0.577532	-0.000360066
3.03431e-07	0.575918	0.576295	-0.000327362
3.02278e-07	0.574545	0.574964	-0.000364094
3.01135e-07	0.573169	0.573505	-0.00029369
3e-07	0.571667	0.572062	-0.000345745
