1.2e-06	0.59727	0.598246	-0.000816145
1.18218e-06	0.607868	0.609379	-0.00124168
1.16488e-06	0.612096	0.613037	-0.000767902
1.14808e-06	0.60845	0.609364	-0.000749951
1.13175e-06	0.597815	0.598733	-0.000767185
1.11589e-06	0.579951	0.580865	-0.000787227
1.10046e-06	0.553875	0.554966	-0.0009836
1.08545e-06	0.520817	0.520776	3.9666e-05
1.07085e-06	0.48065	0.479926	0.000753402
1.05664e-06	0.444166	0.442014	0.00242837
1.04279e-06	0.452454	0.447605	0.00538726
1.02931e-06	0.529964	0.524611	0.00507605
1.01617e-06	0.548276	0.545001	0.00299582
1.00336e-06	0.499778	0.49931	0.000468782
9.90871e-07	0.437313	0.438521	-0.00137891
9.78689e-07	0.375022	0.376913	-0.00251511
9.66802e-07	0.314247	0.316979	-0.00432767
9.552e-07	0.256616	0.259676	-0.00592773
9.43874e-07	0.20111	0.205547	-0.0109118
9.32813e-07	0.14937	0.15502	-0.0185604
9.22008e-07	0.102716	0.10954	-0.0321517
9.1145e-07	0.0630295	0.0724418	-0.0694778
9.01132e-07	0.0362203	0.0498123	-0.157987
8.91045e-07	0.0320169	0.0512453	-0.230938
8.81181e-07	0.0461635	0.0623172	-0.148909
8.71533e-07	0.0539148	0.0664089	-0.103838
8.62094e-07	0.0385459	0.0474463	-0.103502
8.52857e-07	0.0322945	0.0382832	-0.0848518
8.43816e-07	0.049952	0.0548527	-0.0467602
8.34965e-07	0.0911724	0.0951912	-0.0215639
8.26298e-07	0.155446	0.160665	-0.0165109
8.17808e-07	0.246727	0.244981	0.00355092
8.09492e-07	0.348078	0.328168	0.0294423
8.01342e-07	0.334462	0.266461	0.113161
7.93355e-07	0.423653	0.463381	-0.0447882
7.85526e-07	0.454447	0.474691	-0.0217877
7.7785e-07	0.476858	0.488266	-0.0118201
7.70323e-07	0.490461	0.502978	-0.0125994
7.62939e-07	0.505737	0.514794	-0.00887543
7.55696e-07	0.51461	0.520245	-0.00544518
7.48589e-07	0.510038	0.516249	-0.00605172
7.41615e-07	0.496131	0.500656	-0.00453951
7.34769e-07	0.475366	0.475474	-0.000113702
7.28049e-07	0.452349	0.44823	0.00457356
7.2145e-07	0.436602	0.426151	0.012114
7.1497e-07	0.426769	0.41138	0.0183607
7.08605e-07	0.420831	0.403693	0.0207842
7.02353e-07	0.422054	0.403619	0.0223276
6.9621e-07	0.428585	0.41223	0.0194511
6.90173e-07	0.440884	0.429117	0.0135247
6.84241e-07	0.458324	0.451613	0.00737489
6.78409e-07	0.478735	0.476721	0.00210711
6.72676e-07	0.502509	0.502924	-0.000413389
6.67039e-07	0.530832	0.532723	-0.00177738
6.61496e-07	0.550044	0.553981	-0.00356631
6.56044e-07	0.554841	0.558047	-0.0028807
6.50681e-07	0.552484	0.555268	-0.00251336
6.45405e-07	0.553497	0.555706	-0.0019913
6.40214e-07	0.555132	0.5573	-0.0019486
6.35106e-07	0.557255	0.559269	-0.00180431
6.30079e-07	0.559567	0.561288	-0.00153559
6.25131e-07	0.561747	0.563518	-0.00157395
6.2026e-07	0.564964	0.566186	-0.0010804
6.15464e-07	0.567876	0.569074	-0.00105367
6.10742e-07	0.571223	0.572063	-0.000735148
6.06091e-07	0.5754	0.575557	-0.000136435
6.01511e-07	0.580007	0.57996	4.04129e-05
5.97e-07	0.58592	0.585185	0.000627298
5.92556e-07	0.591619	0.590788	0.000702976
5.88177e-07	0.597275	0.596391	0.000740891
5.83863e-07	0.602869	0.601951	0.000761771
5.79612e-07	0.6079	0.60755	0.000287704
5.75422e-07	0.613397	0.613079	0.000259137
5.71292e-07	0.618297	0.618285	9.98759e-06
5.67221e-07	0.62404	0.624363	-0.000259045
5.63208e-07	0.630866	0.630677	0.000150278
5.59251e-07	0.634417	0.634675	-0.000203643
5.55349e-07	0.637747	0.63778	-2.52864e-05
5.51501e-07	0.640492	0.640473	1.46276e-05
5.47706e-07	0.642875	0.643	-9.7358e-05
5.43964e-07	0.645231	0.645308	-5.99144e-05
5.40271e-07	0.647034	0.647221	-0.000144111
5.36629e-07	0.648726	0.648682	3.33965e-05
5.33036e-07	0.649695	0.649743	-3.70304e-05
5.2949e-07	0.650305	0.650391	-6.56871e-05
5.25991e-07	0.650542	0.650549	-5.55611e-06
5.22538e-07	0.650091	0.65024	-0.000114476
5.1913e-07	0.649668	0.649609	4.55226e-05
5.15767e-07	0.648631	0.64875	-9.18111e-05
5.12446e-07	0.647445	0.647623	-0.000137283
5.09168e-07	0.646139	0.646181	-3.21268e-05
5.05932e-07	0.644268	0.644481	-0.000165533
5.02737e-07	0.642537	0.642595	-4.45337e-05
4.99582e-07	0.640284	0.640488	-0.000159983
4.96466e-07	0.637872	0.638095	-0.000174788
4.93388e-07	0.635409	0.635448	-3.0691e-05
4.90349e-07	0.632424	0.632649	-0.000178541
4.87347e-07	0.629638	0.629733	-7.52765e-05
4.84381e-07	0.626493	0.626662	-0.000134679
4.81452e-07	0.62331	0.623467	-0.000126058
4.78557e-07	0.620305	0.620278	2.18837e-05
4.75697e-07	0.61702	0.617195	-0.000141821
4.72871e-07	0.614204	0.614227	-1.84552e-05
4.70079e-07	0.611441	0.611456	-1.20873e-05
4.67319e-07	0.608688	0.608439	0.000204171
4.64591e-07	0.604919	0.604712	0.00017093
4.61896e-07	0.600936	0.600893	3.57555e-05
4.59231e-07	0.597688	0.597543	0.000121133
4.56597e-07	0.594639	0.594504	0.000113477
4.53992e-07	0.59191	0.5918	9.25836e-05
4.51418e-07	0.589589	0.589418	0.000144816
4.48872e-07	0.587288	0.587264	2.05117e-05
4.46355e-07	0.585445	0.585281	0.000139931
4.43866e-07	0.583667	0.583508	0.00013564
4.41405e-07	0.582064	0.581972	7.89397e-05
4.38971e-07	0.580763	0.580601	0.000139314
4.36563e-07	0.579371	0.579311	5.21265e-05
4.34182e-07	0.578305	0.578108	0.00016971
4.31826e-07	0.577211	0.577041	0.000147019
4.29496e-07	0.576168	0.576082	7.48881e-05
4.27191e-07	0.575334	0.575148	0.000162083
4.24911e-07	0.574338	0.57422	0.000103139
4.22655e-07	0.573583	0.573361	0.00019376
4.20423e-07	0.572782	0.572599	0.000159918
4.18214e-07	0.571994	0.571881	9.83505e-05
4.16028e-07	0.571415	0.57117	0.000214593
4.13865e-07	0.570704	0.570516	0.000164853
4.11724e-07	0.570239	0.56999	0.000218045
4.09605e-07	0.569826	0.569592	0.000204903
4.07509e-07	0.569502	0.569308	0.000170662
4.05433e-07	0.569598	0.569261	0.000296634
4.03378e-07	0.570234	0.569892	0.000299514
4.01345e-07	0.571475	0.571208	0.000233535
3.99331e-07	0.578077	0.577465	0.000529836
3.97338e-07	0.580083	0.579703	0.000327856
3.95364e-07	0.581158	0.580799	0.000308415
3.9341e-07	0.581861	0.58153	0.000283737
3.91475e-07	0.582552	0.582096	0.0003915
3.8956e-07	0.582898	0.582562	0.000288347
3.87662e-07	0.583358	0.583016	0.000293745
3.85784e-07	0.584069	0.583546	0.000447763
3.83923e-07	0.584425	0.584146	0.000238601
3.8208e-07	0.585093	0.584735	0.000306346
3.80255e-07	0.585739	0.585273	0.00039748
3.78447e-07	0.586118	0.585793	0.000277109
3.76656e-07	0.586754	0.586301	0.000386716
3.74882e-07	0.587089	0.586726	0.000309367
3.73125e-07	0.587336	0.586999	0.000287491
3.71384e-07	0.587587	0.58713	0.000389221
3.69659e-07	0.587522	0.587164	0.000305107
3.67951e-07	0.587468	0.587098	0.000315647
3.66258e-07	0.587256	0.586903	0.000300851
3.6458e-07	0.586963	0.586616	0.000295893
3.62918e-07	0.586703	0.586345	0.000305155
3.61271e-07	0.586518	0.586235	0.000241196
3.59639e-07	0.587193	0.58683	0.000309582
3.58021e-07	0.588025	0.587748	0.000235991
3.56418e-07	0.589279	0.589148	0.000111187
3.54829e-07	0.589797	0.589717	6.82993e-05
3.53254e-07	0.590228	0.590264	-3.10991e-05
3.51694e-07	0.590873	0.590883	-8.11802e-06
3.50147e-07	0.591596	0.591637	-3.46692e-05
3.48613e-07	0.592575	0.592586	-9.51855e-06
3.47093e-07	0.593642	0.59371	-5.69377e-05
3.45586e-07	0.59479	0.594924	-0.000112519
3.44092e-07	0.596149	0.596173	-2.06256e-05
3.42611e-07	0.597341	0.597464	-0.000102748
3.41143e-07	0.598663	0.598782	-0.000100085
3.39687e-07	0.599915	0.60005	-0.000112495
3.38244e-07	0.600953	0.601197	-0.000203407
3.36812e-07	0.602143	0.602256	-9.34208e-05
3.35393e-07	0.603106	0.603322	-0.000179038
3.33986e-07	0.604253	0.604516	-0.000217175
3.32591e-07	0.605906	0.606077	-0.000140531
3.31207e-07	0.606836	0.607158	-0.000264967
3.29834e-07	0.609391	0.609858	-0.000383024
3.28473e-07	0.605279	0.605581	-0.000249785
3.27123e-07	0.602281	0.602785	-0.000418607
3.25784e-07	0.600175	0.600494	-0.000266123
3.24457e-07	0.598145	0.598557	-0.000344723
3.23139e-07	0.596634	0.596993	-0.000301203
3.21833e-07	0.595429	0.595783	-0.000296896
3.20537e-07	0.594378	0.594852	-0.000399083
3.19251e-07	0.593874	0.594173	-0.000251485
3.17976e-07	0.593411	0.593779	-0.000309371
3.16711e-07	0.593291	0.593664	-0.000314554
3.15456e-07	0.593406	0.59373	-0.000272939
3.14211e-07	0.593462	0.593869	-0.000342847
3.12975e-07	0.593804	0.594051	-0.000207966
3.11749e-07	0.593966	0.59427	-0.000255767
3.10533e-07	0.594106	0.59445	-0.000289575
3.09326e-07	0.594223	0.594472	-0.000209592
3.08129e-07	0.593988	0.594292	-0.000256151
3.06941e-07	0.593761	0.593947	-0.000156826
3.05762e-07	0.593216	0.593453	-0.000200197
3.04592e-07	0.592476	0.592764	-0.000243097
3.03431e-07	0.591709	0.591869	-0.000135291
3.02278e-07	0.590661	0.590873	-0.000178886
3.01135e-07	0.589755	0.589909	-0.000130652
3e-07	0.588848	0.589042	-0.000164749
