1.2e-06	0.386242	0.389329	-0.0039804
1.18218e-06	0.418465	0.422047	-0.00426164
1.16488e-06	0.449371	0.453193	-0.00423541
1.14808e-06	0.47533	0.479382	-0.00424383
1.13175e-06	0.493051	0.497537	-0.00452897
1.11589e-06	0.500295	0.505327	-0.00500423
1.10046e-06	0.496004	0.501563	-0.00557255
1.08545e-06	0.480285	0.486455	-0.00638257
1.07085e-06	0.457286	0.46455	-0.00788024
1.05664e-06	0.447162	0.456351	-0.0101706
1.04279e-06	0.497271	0.508068	-0.0107394
1.02931e-06	0.578736	0.588081	-0.0080083
1.01617e-06	0.580618	0.587267	-0.00569332
1.00336e-06	0.527506	0.532744	-0.00494043
9.90871e-07	0.461001	0.465767	-0.00514333
9.78689e-07	0.393921	0.398251	-0.0054662
9.66802e-07	0.329024	0.332919	-0.00588432
9.552e-07	0.267143	0.271049	-0.00725776
9.43874e-07	0.209472	0.213623	-0.00981149
9.32813e-07	0.157597	0.161731	-0.0129483
9.22008e-07	0.113074	0.117137	-0.0176495
9.1145e-07	0.0777981	0.0821551	-0.0272394
9.01132e-07	0.0549367	0.0598133	-0.0424969
8.91045e-07	0.0497789	0.0552736	-0.0523045
8.81181e-07	0.0676587	0.073896	-0.0440625
8.71533e-07	0.0844028	0.0896882	-0.0303601
8.62094e-07	0.0550192	0.0571637	-0.019116
8.52857e-07	0.0355586	0.0361453	-0.00818263
8.43816e-07	0.0444468	0.045171	-0.00808035
8.34965e-07	0.066004	0.0677758	-0.013244
8.26298e-07	0.0818298	0.0839163	-0.012589
8.17808e-07	0.111992	0.1128	-0.0035945
8.09492e-07	0.161948	0.162558	-0.00188124
8.01342e-07	0.221452	0.22349	-0.00458043
7.93355e-07	0.295725	0.30702	-0.0187405
7.85526e-07	0.244577	0.292826	-0.0897815
7.7785e-07	0.361667	0.396422	-0.0458452
7.70323e-07	0.396813	0.422479	-0.0313271
7.62939e-07	0.424265	0.444725	-0.0235454
7.55696e-07	0.450613	0.470257	-0.0213317
7.48589e-07	0.477474	0.497452	-0.0204919
7.41615e-07	0.502825	0.520624	-0.017391
7.34769e-07	0.522466	0.537399	-0.0140893
7.28049e-07	0.534368	0.549776	-0.0142126
7.2145e-07	0.539873	0.557659	-0.0162051
7.1497e-07	0.541308	0.558766	-0.0158702
7.08605e-07	0.538994	0.553389	-0.0131778
7.02353e-07	0.531524	0.543904	-0.0115119
6.9621e-07	0.519537	0.532098	-0.0119443
6.90173e-07	0.506872	0.51904	-0.0118613
6.84241e-07	0.496808	0.506251	-0.00941401
6.78409e-07	0.49065	0.496966	-0.00639554
6.72676e-07	0.488589	0.492811	-0.00430143
6.67039e-07	0.490524	0.492359	-0.00186731
6.61496e-07	0.498127	0.496852	0.00128175
6.56044e-07	0.512845	0.508909	0.0038527
6.50681e-07	0.533896	0.528346	0.00522484
6.45405e-07	0.540145	0.534524	0.0052303
6.40214e-07	0.537714	0.531022	0.00626165
6.35106e-07	0.539341	0.532728	0.0061687
6.30079e-07	0.542898	0.537158	0.00531453
6.25131e-07	0.547018	0.542157	0.0044634
6.2026e-07	0.551555	0.547432	0.00375176
6.15464e-07	0.556392	0.55342	0.00267783
6.10742e-07	0.561501	0.560004	0.00133563
6.06091e-07	0.567148	0.566772	0.000330908
6.01511e-07	0.573501	0.573827	-0.000284179
5.97e-07	0.580646	0.581613	-0.000831756
5.92556e-07	0.588482	0.590014	-0.00129955
5.88177e-07	0.596606	0.598529	-0.00160904
5.83863e-07	0.604549	0.606923	-0.00195937
5.79612e-07	0.61214	0.615118	-0.00242646
5.75422e-07	0.619425	0.62281	-0.00272497
5.71292e-07	0.626331	0.629746	-0.00271888
5.67221e-07	0.632701	0.636118	-0.00269243
5.63208e-07	0.638545	0.642151	-0.00281554
5.59251e-07	0.644097	0.64782	-0.0028819
5.55349e-07	0.650643	0.654146	-0.00268468
5.51501e-07	0.660656	0.663885	-0.00243814
5.47706e-07	0.665956	0.669527	-0.00267404
5.43964e-07	0.669861	0.673474	-0.00268918
5.40271e-07	0.672744	0.676153	-0.00252735
5.36629e-07	0.674665	0.678038	-0.00249352
5.33036e-07	0.675837	0.679394	-0.00262482
5.2949e-07	0.676537	0.680079	-0.00261068
5.25991e-07	0.67684	0.680048	-0.0023643
5.22538e-07	0.67664	0.679569	-0.00215957
5.1913e-07	0.675972	0.678861	-0.00213188
5.15767e-07	0.675099	0.677938	-0.00209843
5.12446e-07	0.674204	0.676809	-0.00192832
5.09168e-07	0.673179	0.675508	-0.0017269
5.05932e-07	0.671848	0.674025	-0.00161739
5.02737e-07	0.670253	0.672381	-0.0015844
4.99582e-07	0.668555	0.670616	-0.00153932
4.96466e-07	0.666754	0.668662	-0.0014282
4.93388e-07	0.664718	0.666456	-0.00130567
4.90349e-07	0.662424	0.664123	-0.00128136
4.87347e-07	0.660006	0.661763	-0.00132884
4.84381e-07	0.657558	0.65926	-0.00129259
4.81452e-07	0.65505	0.656591	-0.00117484
4.78557e-07	0.652467	0.653981	-0.00115925
4.75697e-07	0.649897	0.651525	-0.0012514
4.72871e-07	0.647449	0.649064	-0.00124541
4.70079e-07	0.645186	0.646652	-0.00113532
4.67319e-07	0.643155	0.644616	-0.00113452
4.64591e-07	0.64143	0.643011	-0.00123059
4.61896e-07	0.640124	0.641661	-0.0011998
4.59231e-07	0.639634	0.641002	-0.00106831
4.56597e-07	0.638826	0.639515	-0.000538668
4.53992e-07	0.633944	0.634837	-0.000704259
4.51418e-07	0.629581	0.630393	-0.000644835
4.48872e-07	0.626118	0.626774	-0.000523159
4.46355e-07	0.623105	0.623784	-0.00054477
4.43866e-07	0.620514	0.621258	-0.000599005
4.41405e-07	0.618325	0.618953	-0.000507701
4.38971e-07	0.616376	0.616879	-0.000407425
4.36563e-07	0.61454	0.615099	-0.000454613
4.34182e-07	0.612848	0.613454	-0.000494111
4.31826e-07	0.611348	0.611829	-0.000393358
4.29496e-07	0.609952	0.610338	-0.000316195
4.27191e-07	0.608548	0.608996	-0.000367827
4.24911e-07	0.607167	0.607633	-0.00038399
4.22655e-07	0.605883	0.606231	-0.00028699
4.20423e-07	0.604653	0.604933	-0.000231541
4.18214e-07	0.60338	0.603703	-0.000267882
4.16028e-07	0.602099	0.602412	-0.000259751
4.13865e-07	0.600924	0.601144	-0.000182527
4.11724e-07	0.599862	0.600037	-0.000145817
4.09605e-07	0.598823	0.599004	-0.000151412
4.07509e-07	0.597817	0.597964	-0.00012282
4.05433e-07	0.596959	0.59705	-7.64074e-05
4.03378e-07	0.596286	0.596345	-4.98109e-05
4.01345e-07	0.595722	0.595737	-1.27037e-05
3.99331e-07	0.595276	0.595239	3.14711e-05
3.97338e-07	0.595144	0.595091	4.44552e-05
3.95364e-07	0.596204	0.5961	8.72575e-05
3.9341e-07	0.597275	0.597004	0.000226761
3.91475e-07	0.599869	0.599446	0.000352681
3.8956e-07	0.604253	0.60394	0.000258497
3.87662e-07	0.605931	0.605649	0.000232595
3.85784e-07	0.607141	0.606794	0.000285968
3.83923e-07	0.608061	0.607711	0.000287724
3.8208e-07	0.608767	0.608482	0.000233913
3.80255e-07	0.609336	0.609006	0.000271239
3.78447e-07	0.609748	0.609324	0.000348513
3.76656e-07	0.609962	0.60963	0.00027176
3.74882e-07	0.610039	0.609875	0.000134651
3.73125e-07	0.610057	0.609813	0.000200239
3.71384e-07	0.609945	0.609486	0.000376713
3.69659e-07	0.609579	0.609152	0.000350605
3.67951e-07	0.60901	0.608792	0.000179012
3.66258e-07	0.608422	0.608195	0.000186432
3.6458e-07	0.607861	0.607423	0.000359853
3.62918e-07	0.607191	0.606703	0.000401492
3.61271e-07	0.60637	0.606024	0.000285249
3.59639e-07	0.605574	0.605271	0.000250516
3.58021e-07	0.604964	0.604548	0.000344045
3.56418e-07	0.604486	0.604005	0.000398053
3.54829e-07	0.60405	0.603614	0.000360997
3.53254e-07	0.603778	0.603381	0.000329004
3.51694e-07	0.604148	0.603714	0.000359116
3.50147e-07	0.604699	0.604374	0.000268397
3.48613e-07	0.605676	0.605533	0.000118086
3.47093e-07	0.606363	0.606324	3.1645e-05
3.45586e-07	0.607098	0.607173	-6.12316e-05
3.44092e-07	0.607914	0.608021	-8.87651e-05
3.42611e-07	0.6087	0.608784	-6.96393e-05
3.41143e-07	0.609395	0.609544	-0.000121616
3.39687e-07	0.610032	0.610312	-0.000229234
3.38244e-07	0.610596	0.610906	-0.000254035
3.36812e-07	0.610999	0.611271	-0.000222621
3.35393e-07	0.611211	0.611558	-0.000283431
3.33986e-07	0.611303	0.611772	-0.000383716
3.32591e-07	0.611307	0.611758	-0.000369231
3.31207e-07	0.61119	0.611596	-0.000331681
3.29834e-07	0.611014	0.611544	-0.000433659
3.28473e-07	0.610981	0.611642	-0.000540275
3.27123e-07	0.611286	0.611871	-0.000478191
3.25784e-07	0.612394	0.612898	-0.000411793
3.24457e-07	0.613349	0.614132	-0.00063797
3.23139e-07	0.614996	0.616054	-0.000859789
3.21833e-07	0.614402	0.615525	-0.000913472
3.20537e-07	0.612146	0.613138	-0.00080981
3.19251e-07	0.61071	0.611855	-0.000936034
3.17976e-07	0.609674	0.610935	-0.00103314
3.16711e-07	0.609034	0.610135	-0.000903171
3.15456e-07	0.608686	0.609659	-0.000799247
3.14211e-07	0.608406	0.60951	-0.000906726
3.12975e-07	0.608112	0.609312	-0.000985346
3.11749e-07	0.607895	0.608958	-0.000873747
3.10533e-07	0.60774	0.6087	-0.000789195
3.09326e-07	0.607437	0.608481	-0.000858476
3.08129e-07	0.60686	0.607949	-0.000896343
3.06941e-07	0.60613	0.607126	-0.00082123
3.05762e-07	0.605356	0.606301	-0.000779972
3.04592e-07	0.604415	0.605382	-0.000799408
3.03431e-07	0.603176	0.604111	-0.00077428
3.02278e-07	0.601779	0.602668	-0.000738619
3.01135e-07	0.600458	0.601363	-0.000753073
3e-07	0.599211	0.600071	-0.000716781
