1.2e-06	0.599139	0.600033	-0.000745732
1.18218e-06	0.598431	0.599659	-0.00102507
1.16488e-06	0.589033	0.590491	-0.00123561
1.14808e-06	0.570423	0.571513	-0.000954518
1.13175e-06	0.540572	0.541582	-0.000933112
1.11589e-06	0.501651	0.503106	-0.00144752
1.10046e-06	0.476467	0.477987	-0.00159273
1.08545e-06	0.530579	0.532476	-0.00178431
1.07085e-06	0.651118	0.654372	-0.00249276
1.05664e-06	0.690858	0.69471	-0.00278024
1.04279e-06	0.657859	0.66144	-0.00271402
1.02931e-06	0.599571	0.602997	-0.00284874
1.01617e-06	0.53176	0.535747	-0.00373507
1.00336e-06	0.459391	0.463781	-0.00475552
9.90871e-07	0.385217	0.389327	-0.00530599
9.78689e-07	0.309869	0.314111	-0.00679696
9.66802e-07	0.234427	0.23964	-0.0109958
9.552e-07	0.163064	0.168993	-0.0178554
9.43874e-07	0.101122	0.107448	-0.0303325
9.32813e-07	0.0536478	0.0614372	-0.0676839
9.22008e-07	0.0285364	0.0395362	-0.161589
9.1145e-07	0.0394657	0.0558853	-0.172202
9.01132e-07	0.0940629	0.116227	-0.105397
8.91045e-07	0.115454	0.11712	-0.00716386
8.81181e-07	0.071458	0.0560663	0.120696
8.71533e-07	0.0802173	0.0657721	0.0989468
8.62094e-07	0.163532	0.150452	0.0416582
8.52857e-07	0.411407	0.469389	-0.0658294
8.43816e-07	0.42052	0.475773	-0.061647
8.34965e-07	0.419827	0.464165	-0.0501566
8.26298e-07	0.429493	0.462484	-0.0369871
8.17808e-07	0.446633	0.479019	-0.0349865
8.09492e-07	0.471188	0.497131	-0.0267914
8.01342e-07	0.502764	0.516217	-0.0132028
7.93355e-07	0.534791	0.539796	-0.00465702
7.85526e-07	0.560279	0.561927	-0.00146871
7.7785e-07	0.579619	0.577837	0.00153967
7.70323e-07	0.595643	0.589006	0.00560254
7.62939e-07	0.606179	0.596172	0.00832319
7.55696e-07	0.607479	0.596607	0.00902932
7.48589e-07	0.599909	0.588707	0.00942441
7.41615e-07	0.585502	0.573451	0.0103986
7.34769e-07	0.56493	0.551641	0.0119009
7.28049e-07	0.541724	0.526482	0.0142686
7.2145e-07	0.524947	0.506431	0.0179531
7.1497e-07	0.522519	0.501078	0.0209467
7.08605e-07	0.539413	0.521157	0.0172131
7.02353e-07	0.543239	0.533204	0.00932264
6.9621e-07	0.537256	0.529627	0.00715003
6.90173e-07	0.538614	0.531402	0.00674035
6.84241e-07	0.542559	0.535825	0.00624447
6.78409e-07	0.547838	0.542294	0.00508583
6.72676e-07	0.55392	0.548723	0.00471287
6.67039e-07	0.560232	0.554679	0.00498077
6.61496e-07	0.566144	0.561156	0.00442469
6.56044e-07	0.571329	0.567768	0.00312647
6.50681e-07	0.57591	0.573479	0.00211554
6.45405e-07	0.580151	0.578626	0.00131614
6.40214e-07	0.583927	0.583721	0.000176551
6.35106e-07	0.587431	0.588596	-0.000990519
6.30079e-07	0.590856	0.593154	-0.00194062
6.25131e-07	0.5939	0.597491	-0.00301422
6.2026e-07	0.596962	0.602064	-0.00425465
6.15464e-07	0.600862	0.60705	-0.00512301
6.10742e-07	0.606136	0.612682	-0.0053708
6.06091e-07	0.613992	0.620496	-0.00526893
6.01511e-07	0.6337	0.639563	-0.00460461
5.97e-07	0.642546	0.648718	-0.00477952
5.92556e-07	0.650004	0.655433	-0.00415891
5.88177e-07	0.656888	0.661904	-0.00380382
5.83863e-07	0.663463	0.66822	-0.00357202
5.79612e-07	0.66971	0.674274	-0.00339533
5.75422e-07	0.67537	0.679987	-0.00340687
5.71292e-07	0.680342	0.685077	-0.00346794
5.67221e-07	0.684733	0.689477	-0.00345218
5.63208e-07	0.688521	0.693341	-0.00348803
5.59251e-07	0.691648	0.696659	-0.00361005
5.55349e-07	0.694344	0.699429	-0.0036487
5.51501e-07	0.696896	0.70189	-0.00357023
5.47706e-07	0.699267	0.704209	-0.0035217
5.43964e-07	0.701298	0.70626	-0.00352518
5.40271e-07	0.703004	0.707877	-0.00345359
5.36629e-07	0.704384	0.709052	-0.00330275
5.33036e-07	0.705278	0.709808	-0.00320169
5.2949e-07	0.705656	0.71012	-0.00315255
5.25991e-07	0.705713	0.710007	-0.00303328
5.22538e-07	0.705549	0.709587	-0.00285292
5.1913e-07	0.705119	0.708983	-0.00273271
5.15767e-07	0.704487	0.708247	-0.00266165
5.12446e-07	0.703801	0.707374	-0.00253165
5.09168e-07	0.703062	0.706388	-0.00236005
5.05932e-07	0.702228	0.705384	-0.00224194
5.02737e-07	0.701475	0.70451	-0.00215883
4.99582e-07	0.701367	0.704243	-0.00204594
4.96466e-07	0.697114	0.698843	-0.0012384
4.93388e-07	0.691485	0.69323	-0.00126041
4.90349e-07	0.687152	0.688737	-0.00115199
4.87347e-07	0.683244	0.684642	-0.00102216
4.84381e-07	0.679449	0.680735	-0.000945432
4.81452e-07	0.675724	0.676972	-0.000922436
4.78557e-07	0.672165	0.673339	-0.000872646
4.75697e-07	0.668737	0.669799	-0.00079316
4.72871e-07	0.665352	0.666354	-0.000752346
4.70079e-07	0.662084	0.663064	-0.000739526
4.67319e-07	0.659044	0.659961	-0.00069505
4.64591e-07	0.656186	0.657026	-0.000639456
4.61896e-07	0.653457	0.654265	-0.000617856
4.59231e-07	0.650948	0.651727	-0.000597915
4.56597e-07	0.648719	0.64943	-0.000547708
4.53992e-07	0.64669	0.647346	-0.000506791
4.51418e-07	0.644829	0.645463	-0.000491364
4.48872e-07	0.643231	0.643817	-0.000455411
4.46355e-07	0.641915	0.642424	-0.000396316
4.43866e-07	0.640793	0.641257	-0.000362075
4.41405e-07	0.639865	0.640302	-0.000341564
4.38971e-07	0.639216	0.639581	-0.000285445
4.36563e-07	0.638843	0.639115	-0.000212834
4.34182e-07	0.638698	0.638914	-0.000169265
4.31826e-07	0.638912	0.639103	-0.000149965
4.29496e-07	0.640683	0.640629	4.18133e-05
4.27191e-07	0.645151	0.64492	0.000178642
4.24911e-07	0.649	0.648749	0.000193076
4.22655e-07	0.650398	0.650133	0.000203783
4.20423e-07	0.650981	0.650664	0.000243007
4.18214e-07	0.651061	0.650647	0.00031762
4.16028e-07	0.650812	0.650453	0.000276298
4.13865e-07	0.650389	0.650016	0.000286555
4.11724e-07	0.649873	0.649382	0.00037824
4.09605e-07	0.649288	0.648796	0.000379017
4.07509e-07	0.648685	0.648242	0.000341819
4.05433e-07	0.648132	0.647624	0.000391659
4.03378e-07	0.64764	0.64707	0.00044051
4.01345e-07	0.647208	0.646668	0.000416743
3.99331e-07	0.646882	0.646352	0.00040964
3.97338e-07	0.646705	0.646126	0.000447319
3.95364e-07	0.646659	0.646068	0.000457598
3.9341e-07	0.646733	0.646163	0.000440716
3.91475e-07	0.646949	0.646377	0.000442112
3.8956e-07	0.647302	0.646727	0.000444299
3.87662e-07	0.64775	0.647197	0.000427383
3.85784e-07	0.648279	0.647746	0.000410982
3.83923e-07	0.6491	0.64867	0.000331295
3.8208e-07	0.650784	0.650588	0.000150823
3.80255e-07	0.652112	0.652032	6.07201e-05
3.78447e-07	0.652927	0.652953	-2.02536e-05
3.76656e-07	0.653568	0.653713	-0.000110612
3.74882e-07	0.65404	0.654332	-0.000223364
3.73125e-07	0.654348	0.654751	-0.000307958
3.71384e-07	0.654535	0.654977	-0.000337403
3.69659e-07	0.654614	0.655123	-0.000388289
3.67951e-07	0.654568	0.65518	-0.000466623
3.66258e-07	0.654436	0.655085	-0.000495633
3.6458e-07	0.654303	0.654966	-0.000505972
3.62918e-07	0.65423	0.654981	-0.000573629
3.61271e-07	0.65426	0.655099	-0.00064027
3.59639e-07	0.654471	0.65531	-0.000640211
3.58021e-07	0.654955	0.655827	-0.000665037
3.56418e-07	0.655824	0.656848	-0.000779884
3.54829e-07	0.657459	0.658529	-0.000812991
3.53254e-07	0.659955	0.661244	-0.00097546
3.51694e-07	0.66081	0.662523	-0.00129486
3.50147e-07	0.657786	0.659427	-0.00124575
3.48613e-07	0.65615	0.657885	-0.00132055
3.47093e-07	0.655054	0.656763	-0.00130248
3.45586e-07	0.654258	0.655921	-0.00126905
3.44092e-07	0.653563	0.655274	-0.00130719
3.42611e-07	0.652908	0.654667	-0.0013449
3.41143e-07	0.652303	0.654015	-0.00131088
3.39687e-07	0.651668	0.65334	-0.00128171
3.38244e-07	0.650897	0.65262	-0.00132156
3.36812e-07	0.650002	0.651758	-0.0013491
3.35393e-07	0.649034	0.650729	-0.00130441
3.33986e-07	0.647948	0.649599	-0.00127229
3.32591e-07	0.646704	0.648398	-0.00130787
3.31207e-07	0.645383	0.647092	-0.00132261
3.29834e-07	0.644077	0.64571	-0.00126606
3.28473e-07	0.642782	0.644364	-0.00122949
3.27123e-07	0.641509	0.643124	-0.00125715
3.25784e-07	0.640371	0.64198	-0.00125479
3.24457e-07	0.639441	0.640958	-0.00118422
3.23139e-07	0.638696	0.640155	-0.00114081
3.21833e-07	0.638148	0.639624	-0.00115498
3.20537e-07	0.637884	0.639328	-0.0011304
3.19251e-07	0.637917	0.639251	-0.00104499
3.17976e-07	0.638204	0.639473	-0.000993563
3.16711e-07	0.63885	0.640102	-0.000979305
3.15456e-07	0.640094	0.641124	-0.000804051
3.14211e-07	0.640031	0.641099	-0.000833125
3.12975e-07	0.639688	0.640766	-0.00084196
3.11749e-07	0.63943	0.640572	-0.000891887
3.10533e-07	0.639176	0.640324	-0.00089756
3.09326e-07	0.638811	0.639909	-0.000858864
3.08129e-07	0.638241	0.639342	-0.000861894
3.06941e-07	0.637497	0.638644	-0.000898349
3.05762e-07	0.636609	0.637746	-0.000892183
3.04592e-07	0.635523	0.636621	-0.000862915
3.03431e-07	0.634285	0.63541	-0.000885637
3.02278e-07	0.633263	0.63436	-0.000865237
3.01135e-07	0.632267	0.6334	-0.000895689
3e-07	0.631079	0.632175	-0.000867136
