1.2e-06	0.475995	0.475613	0.00040144
1.18218e-06	0.494587	0.494788	-0.000203527
1.16488e-06	0.509033	0.509044	-1.0495e-05
1.14808e-06	0.51565	0.516138	-0.0004727
1.13175e-06	0.514782	0.515219	-0.000424285
1.11589e-06	0.502929	0.504927	-0.00198257
1.10046e-06	0.482204	0.484857	-0.00274344
1.08545e-06	0.456665	0.462628	-0.0064861
1.07085e-06	0.455268	0.465607	-0.0112268
1.05664e-06	0.525279	0.539893	-0.0137201
1.04279e-06	0.625822	0.638488	-0.0100179
1.02931e-06	0.649694	0.658512	-0.00674031
1.01617e-06	0.613989	0.618181	-0.0034023
1.00336e-06	0.554592	0.556853	-0.00203399
9.90871e-07	0.489272	0.489822	-0.00056191
9.78689e-07	0.420922	0.42082	0.000121776
9.66802e-07	0.353875	0.352512	0.00192962
9.552e-07	0.287692	0.286718	0.00169471
9.43874e-07	0.225859	0.224117	0.00387246
9.32813e-07	0.168397	0.166971	0.00425202
9.22008e-07	0.118704	0.117513	0.00504043
9.1145e-07	0.0777041	0.0774614	0.0015642
9.01132e-07	0.0494712	0.0506615	-0.011887
8.91045e-07	0.0388246	0.0433067	-0.0545724
8.81181e-07	0.0532077	0.0615794	-0.0729321
8.71533e-07	0.0649178	0.0687585	-0.0287309
8.62094e-07	0.0481361	0.0426333	0.0606229
8.52857e-07	0.0386864	0.038322	0.0047317
8.43816e-07	0.0296765	0.0323436	-0.0430043
8.34965e-07	0.0423967	0.0433756	-0.0114136
8.26298e-07	0.0700871	0.0711271	-0.0073648
8.17808e-07	0.111442	0.113242	-0.00801148
8.09492e-07	0.156485	0.162668	-0.0193738
8.01342e-07	0.200107	0.205252	-0.0126922
7.93355e-07	0.253334	0.26257	-0.0179011
7.85526e-07	0.179744	0.231784	-0.126456
7.7785e-07	0.331337	0.329713	0.00245752
7.70323e-07	0.360165	0.361957	-0.00248187
7.62939e-07	0.399498	0.39026	0.0116974
7.55696e-07	0.4218	0.415936	0.00699918
7.48589e-07	0.447486	0.436793	0.0120925
7.41615e-07	0.46065	0.453642	0.00766489
7.34769e-07	0.468857	0.46232	0.00702025
7.28049e-07	0.467328	0.46157	0.00619797
7.2145e-07	0.461961	0.456236	0.00623459
7.1497e-07	0.452495	0.448547	0.00438203
7.08605e-07	0.439909	0.437935	0.00224848
7.02353e-07	0.425217	0.424387	0.000977062
6.9621e-07	0.408732	0.408099	0.000774598
6.90173e-07	0.394518	0.39083	0.00469567
6.84241e-07	0.383559	0.378013	0.00728325
6.78409e-07	0.38185	0.374628	0.009548
6.72676e-07	0.38779	0.381001	0.00883132
6.67039e-07	0.402254	0.395531	0.00842646
6.61496e-07	0.421309	0.416405	0.00585363
6.56044e-07	0.445466	0.441833	0.0040946
6.50681e-07	0.473361	0.471368	0.00210922
6.45405e-07	0.495225	0.495027	0.00019964
6.40214e-07	0.498702	0.498217	0.000487418
6.35106e-07	0.503636	0.503297	0.000337077
6.30079e-07	0.509104	0.509347	-0.000238324
6.25131e-07	0.515321	0.515651	-0.000320094
6.2026e-07	0.520796	0.522055	-0.00120784
6.15464e-07	0.526875	0.528023	-0.00108805
6.10742e-07	0.532151	0.533977	-0.00171331
6.06091e-07	0.538577	0.540557	-0.00183529
6.01511e-07	0.545153	0.547658	-0.00229237
5.97e-07	0.553255	0.555616	-0.00212963
5.92556e-07	0.561033	0.56421	-0.00282331
5.88177e-07	0.569369	0.572368	-0.00262629
5.83863e-07	0.576668	0.580229	-0.00307817
5.79612e-07	0.584295	0.588076	-0.00322558
5.75422e-07	0.591129	0.595279	-0.00349762
5.71292e-07	0.598293	0.602088	-0.00316107
5.67221e-07	0.60454	0.608759	-0.00347691
5.63208e-07	0.610815	0.614582	-0.00307378
5.59251e-07	0.616222	0.619954	-0.00301857
5.55349e-07	0.622168	0.625767	-0.00288432
5.51501e-07	0.632663	0.635985	-0.0026181
5.47706e-07	0.638598	0.641611	-0.002354
5.43964e-07	0.64256	0.646157	-0.00279133
5.40271e-07	0.646394	0.649724	-0.00256846
5.36629e-07	0.648903	0.652236	-0.00256101
5.33036e-07	0.651148	0.654226	-0.00235743
5.2949e-07	0.652395	0.655556	-0.00241664
5.25991e-07	0.653238	0.656156	-0.00222797
5.22538e-07	0.653411	0.656295	-0.00220189
5.1913e-07	0.653165	0.65589	-0.00208212
5.15767e-07	0.652505	0.655064	-0.00195688
5.12446e-07	0.651437	0.653985	-0.00195181
5.09168e-07	0.650124	0.652445	-0.0017824
5.05932e-07	0.648405	0.650628	-0.00171121
5.02737e-07	0.646547	0.648705	-0.00166644
4.99582e-07	0.644283	0.64637	-0.00161758
4.96466e-07	0.64196	0.643804	-0.0014341
4.93388e-07	0.63925	0.641242	-0.0015562
4.90349e-07	0.636568	0.638351	-0.00139868
4.87347e-07	0.633543	0.635289	-0.00137583
4.84381e-07	0.630646	0.632357	-0.00135458
4.81452e-07	0.627477	0.629237	-0.0014005
4.78557e-07	0.624544	0.626048	-0.00120307
4.75697e-07	0.621434	0.623136	-0.00136689
4.72871e-07	0.618679	0.620227	-0.00124926
4.70079e-07	0.615875	0.617401	-0.00123741
4.67319e-07	0.613563	0.615036	-0.00119904
4.64591e-07	0.611381	0.612933	-0.00126787
4.61896e-07	0.609879	0.611186	-0.00107003
4.59231e-07	0.609029	0.610413	-0.00113498
4.56597e-07	0.60913	0.609779	-0.000532923
4.53992e-07	0.603942	0.604822	-0.000728027
4.51418e-07	0.599594	0.600221	-0.000522718
4.48872e-07	0.595825	0.596657	-0.000698036
4.46355e-07	0.592982	0.593545	-0.000474265
4.43866e-07	0.59024	0.590957	-0.000607327
4.41405e-07	0.588107	0.588697	-0.000501725
4.38971e-07	0.585952	0.58659	-0.000543988
4.36563e-07	0.584267	0.584775	-0.000434486
4.34182e-07	0.582485	0.583133	-0.000555308
4.31826e-07	0.581076	0.581527	-0.000388208
4.29496e-07	0.579525	0.580088	-0.000485473
4.27191e-07	0.578277	0.578736	-0.000395938
4.24911e-07	0.576862	0.577364	-0.000434191
4.22655e-07	0.575696	0.576081	-0.000334583
4.20423e-07	0.574355	0.574839	-0.000420585
4.18214e-07	0.573236	0.573567	-0.000288397
4.16028e-07	0.571972	0.572374	-0.000351035
4.13865e-07	0.570932	0.57124	-0.000269009
4.11724e-07	0.569796	0.570129	-0.000291924
4.09605e-07	0.568894	0.56913	-0.000207014
4.07509e-07	0.567944	0.568228	-0.000249447
4.05433e-07	0.567233	0.567402	-0.000148715
4.03378e-07	0.566524	0.566721	-0.000173563
4.01345e-07	0.566068	0.56618	-9.83017e-05
3.99331e-07	0.565695	0.565798	-9.09502e-05
3.97338e-07	0.565638	0.565667	-2.58796e-05
3.95364e-07	0.565885	0.56588	4.72297e-06
3.9341e-07	0.568064	0.56781	0.000223902
3.91475e-07	0.571218	0.570936	0.000246923
3.8956e-07	0.576214	0.575861	0.000306459
3.87662e-07	0.578102	0.577679	0.000366404
3.85784e-07	0.579192	0.579016	0.000151667
3.83923e-07	0.58041	0.580048	0.000311808
3.8208e-07	0.581234	0.580911	0.000277602
3.80255e-07	0.582008	0.581721	0.000247101
3.78447e-07	0.582647	0.582352	0.000252766
3.76656e-07	0.58303	0.582766	0.000226282
3.74882e-07	0.583402	0.583059	0.000294218
3.73125e-07	0.583432	0.583196	0.000202706
3.71384e-07	0.583483	0.583145	0.000289732
3.69659e-07	0.583216	0.582948	0.000229946
3.67951e-07	0.582958	0.582607	0.000301203
3.66258e-07	0.582474	0.582164	0.000266096
3.6458e-07	0.581977	0.581642	0.000287638
3.62918e-07	0.581385	0.581017	0.00031576
3.61271e-07	0.580773	0.580402	0.000319627
3.59639e-07	0.580222	0.579848	0.000322616
3.58021e-07	0.579665	0.579291	0.000323124
3.56418e-07	0.579324	0.578863	0.00039822
3.54829e-07	0.579003	0.578661	0.000294957
3.53254e-07	0.579043	0.578587	0.000394184
3.51694e-07	0.579409	0.579011	0.000343286
3.50147e-07	0.580206	0.579941	0.000227976
3.48613e-07	0.581138	0.58123	-7.9437e-05
3.47093e-07	0.582129	0.582129	-1.09135e-07
3.45586e-07	0.582882	0.583139	-0.000220507
3.44092e-07	0.583944	0.584128	-0.000157409
3.42611e-07	0.584746	0.58506	-0.000268437
3.41143e-07	0.585775	0.58605	-0.000234825
3.39687e-07	0.586468	0.586932	-0.000395906
3.38244e-07	0.587311	0.587634	-0.000274921
3.36812e-07	0.587749	0.588295	-0.000464109
3.35393e-07	0.588303	0.588785	-0.000409237
3.33986e-07	0.588435	0.589042	-0.0005161
3.32591e-07	0.588716	0.589269	-0.000469996
3.31207e-07	0.588643	0.589421	-0.000660923
3.29834e-07	0.588837	0.589474	-0.000540094
3.28473e-07	0.588849	0.5897	-0.00072287
3.27123e-07	0.589354	0.590177	-0.000697618
3.25784e-07	0.590047	0.590992	-0.000800448
3.24457e-07	0.592162	0.593035	-0.00073646
3.23139e-07	0.593499	0.594852	-0.0011384
3.21833e-07	0.59299	0.594445	-0.00122535
3.20537e-07	0.590515	0.59202	-0.00127193
3.19251e-07	0.589051	0.590548	-0.0012696
3.17976e-07	0.587938	0.589523	-0.00134588
3.16711e-07	0.587324	0.588851	-0.00129825
3.15456e-07	0.586785	0.588435	-0.00140387
3.14211e-07	0.586575	0.588129	-0.00132251
3.12975e-07	0.586292	0.587941	-0.00140493
3.11749e-07	0.586192	0.587788	-0.00135946
3.10533e-07	0.585892	0.587538	-0.00140255
3.09326e-07	0.585653	0.587227	-0.00134233
3.08129e-07	0.58512	0.586791	-0.00142596
3.06941e-07	0.584564	0.586117	-0.00132683
3.05762e-07	0.583674	0.5853	-0.00139066
3.04592e-07	0.582746	0.58432	-0.00134885
3.03431e-07	0.58152	0.583108	-0.00136286
3.02278e-07	0.580313	0.581825	-0.00130119
3.01135e-07	0.578905	0.580502	-0.00137809
3e-07	0.577616	0.579082	-0.0012675
