1.2e-06	0.561769	0.56365	-0.00167147
1.18218e-06	0.576156	0.577724	-0.0013594
1.16488e-06	0.582776	0.584055	-0.00109667
1.14808e-06	0.581335	0.58247	-0.000975715
1.13175e-06	0.572038	0.572923	-0.000772583
1.11589e-06	0.555199	0.555355	-0.000140592
1.10046e-06	0.530888	0.529665	0.00115354
1.08545e-06	0.499613	0.496161	0.00346718
1.07085e-06	0.465951	0.45847	0.00809337
1.05664e-06	0.452188	0.437156	0.016902
1.04279e-06	0.505663	0.483665	0.0222356
1.02931e-06	0.556692	0.540629	0.0146387
1.01617e-06	0.523562	0.516603	0.00669066
1.00336e-06	0.462449	0.460938	0.00163657
9.90871e-07	0.400091	0.401616	-0.0019022
9.78689e-07	0.340619	0.343893	-0.00478383
9.66802e-07	0.283979	0.288464	-0.00783522
9.552e-07	0.229933	0.235644	-0.0122683
9.43874e-07	0.178932	0.186091	-0.0196113
9.32813e-07	0.132135	0.140927	-0.032197
9.22008e-07	0.0910749	0.101839	-0.0557957
9.1145e-07	0.0576715	0.0713679	-0.106141
9.01132e-07	0.0350334	0.0537742	-0.211027
8.91045e-07	0.0288484	0.0566167	-0.324908
8.81181e-07	0.0412075	0.0807965	-0.324489
8.71533e-07	0.0483169	0.0904369	-0.30356
8.62094e-07	0.0621891	0.105023	-0.256166
8.52857e-07	0.0649414	0.0930032	-0.177668
8.43816e-07	0.0801301	0.0953938	-0.0869607
8.34965e-07	0.123862	0.13512	-0.043471
8.26298e-07	0.191039	0.202745	-0.0297273
8.17808e-07	0.277726	0.28929	-0.0203955
8.09492e-07	0.389876	0.382743	0.00923162
8.01342e-07	0.426156	0.360719	0.0831604
7.93355e-07	0.47904	0.529951	-0.050458
7.85526e-07	0.493523	0.536389	-0.0416207
7.7785e-07	0.508456	0.544668	-0.0343847
7.70323e-07	0.52447	0.555208	-0.0284698
7.62939e-07	0.539151	0.565276	-0.0236542
7.55696e-07	0.549182	0.571266	-0.01971
7.48589e-07	0.55105	0.569489	-0.0164555
7.41615e-07	0.542585	0.557537	-0.0135911
7.34769e-07	0.52587	0.536381	-0.00989491
7.28049e-07	0.50722	0.510372	-0.00309791
7.2145e-07	0.492871	0.485575	0.00745724
7.1497e-07	0.484828	0.467069	0.0186568
7.08605e-07	0.48139	0.456121	0.0269531
7.02353e-07	0.481259	0.452046	0.0313008
6.9621e-07	0.484171	0.455134	0.0309135
6.90173e-07	0.490599	0.466333	0.0253576
6.84241e-07	0.501239	0.484785	0.0166875
6.78409e-07	0.515765	0.507787	0.00779445
6.72676e-07	0.532747	0.531916	0.000780678
6.67039e-07	0.55483	0.557956	-0.00280938
6.61496e-07	0.566792	0.573894	-0.00622591
6.56044e-07	0.567293	0.573907	-0.00579544
6.50681e-07	0.563742	0.569572	-0.00514433
6.45405e-07	0.563579	0.568856	-0.00465991
6.40214e-07	0.564504	0.569498	-0.00440377
6.35106e-07	0.566176	0.570803	-0.00406958
6.30079e-07	0.568489	0.572418	-0.00344382
6.25131e-07	0.571439	0.574572	-0.00273384
6.2026e-07	0.574686	0.577417	-0.00237008
6.15464e-07	0.578076	0.580719	-0.00228045
6.10742e-07	0.581982	0.584366	-0.00204362
6.06091e-07	0.586583	0.5884	-0.00154605
6.01511e-07	0.591596	0.592936	-0.00113114
5.97e-07	0.596648	0.597953	-0.00109244
5.92556e-07	0.601794	0.603296	-0.00124668
5.88177e-07	0.607264	0.608779	-0.00124581
5.83863e-07	0.612972	0.614258	-0.00104762
5.79612e-07	0.618583	0.61966	-0.000869705
5.75422e-07	0.623853	0.62489	-0.000830476
5.71292e-07	0.628792	0.629792	-0.000794529
5.67221e-07	0.634447	0.635579	-0.000891628
5.63208e-07	0.64142	0.641809	-0.00030264
5.59251e-07	0.645453	0.645763	-0.000239649
5.55349e-07	0.648457	0.648904	-0.000344711
5.51501e-07	0.65091	0.651563	-0.000501425
5.47706e-07	0.653173	0.653872	-0.00053438
5.43964e-07	0.655258	0.655847	-0.000449134
5.40271e-07	0.656906	0.657429	-0.000397316
5.36629e-07	0.657948	0.658547	-0.000455116
5.33036e-07	0.658478	0.659175	-0.000528574
5.2949e-07	0.658679	0.659339	-0.000501145
5.25991e-07	0.658582	0.659111	-0.000401163
5.22538e-07	0.658109	0.658576	-0.000354928
5.1913e-07	0.657281	0.657812	-0.000403531
5.15767e-07	0.656281	0.65687	-0.000448345
5.12446e-07	0.655251	0.655772	-0.000397472
5.09168e-07	0.654124	0.654516	-0.000299393
5.05932e-07	0.652725	0.653083	-0.000273799
5.02737e-07	0.651008	0.651452	-0.000340919
4.99582e-07	0.649098	0.649607	-0.00039194
4.96466e-07	0.6471	0.647542	-0.00034111
4.93388e-07	0.644945	0.645261	-0.000244969
4.90349e-07	0.642496	0.642782	-0.000222468
4.87347e-07	0.639764	0.640134	-0.000288737
4.84381e-07	0.636931	0.637356	-0.000333325
4.81452e-07	0.634152	0.634496	-0.000271621
4.78557e-07	0.631411	0.631613	-0.000159528
4.75697e-07	0.628626	0.628772	-0.000116095
4.72871e-07	0.625849	0.626054	-0.000164255
4.70079e-07	0.623347	0.623617	-0.000216699
4.67319e-07	0.621179	0.620902	0.000222893
4.64591e-07	0.617507	0.617288	0.000176731
4.61896e-07	0.613652	0.613464	0.000153235
4.59231e-07	0.610305	0.610176	0.000105539
4.56597e-07	0.607349	0.607246	8.49099e-05
4.53992e-07	0.604782	0.604614	0.000139111
4.51418e-07	0.602506	0.602248	0.000213895
4.48872e-07	0.600395	0.600126	0.000224741
4.46355e-07	0.598434	0.598224	0.000175784
4.43866e-07	0.596704	0.596519	0.000154648
4.41405e-07	0.595239	0.594988	0.000210199
4.38971e-07	0.593947	0.593609	0.000284743
4.36563e-07	0.592707	0.592358	0.000294637
4.34182e-07	0.591505	0.591214	0.000245829
4.31826e-07	0.590419	0.590154	0.000224133
4.29496e-07	0.589487	0.589162	0.000275756
4.27191e-07	0.58863	0.588225	0.000344509
4.24911e-07	0.587746	0.587333	0.000350991
4.22655e-07	0.58684	0.586486	0.000302069
4.20423e-07	0.586009	0.585681	0.000279888
4.18214e-07	0.585308	0.584924	0.000328021
4.16028e-07	0.584677	0.584218	0.000392892
4.13865e-07	0.58404	0.583573	0.000399499
4.11724e-07	0.583419	0.583005	0.000354968
4.09605e-07	0.582932	0.582538	0.000338059
4.07509e-07	0.582673	0.582216	0.000392381
4.05433e-07	0.58272	0.582154	0.000485858
4.03378e-07	0.583354	0.582741	0.000525428
4.01345e-07	0.584343	0.583868	0.000406632
3.99331e-07	0.590322	0.589452	0.00073784
3.97338e-07	0.592204	0.591394	0.000684996
3.95364e-07	0.593147	0.592311	0.000705188
3.9341e-07	0.593644	0.59286	0.000661037
3.91475e-07	0.593911	0.593256	0.000551496
3.8956e-07	0.594157	0.593608	0.000461731
3.87662e-07	0.594517	0.593973	0.000457905
3.85784e-07	0.594987	0.594374	0.000515504
3.83923e-07	0.595481	0.594813	0.00056085
3.8208e-07	0.595941	0.595273	0.00056061
3.80255e-07	0.596379	0.595731	0.000543767
3.78447e-07	0.596809	0.596161	0.000543236
3.76656e-07	0.59719	0.596534	0.000549795
3.74882e-07	0.597467	0.596823	0.000539093
3.73125e-07	0.597627	0.597005	0.00052054
3.71384e-07	0.597694	0.597063	0.000527922
3.69659e-07	0.597665	0.596992	0.000563015
3.67951e-07	0.597489	0.596798	0.000578917
3.66258e-07	0.597143	0.596501	0.00053746
3.6458e-07	0.596695	0.596139	0.000465875
3.62918e-07	0.596281	0.59577	0.000428466
3.61271e-07	0.596059	0.595522	0.000451239
3.59639e-07	0.596724	0.595962	0.000638965
3.58021e-07	0.597427	0.59684	0.000491789
3.56418e-07	0.598267	0.59819	6.44357e-05
3.54829e-07	0.598522	0.598647	-0.000105042
3.53254e-07	0.598887	0.599063	-0.00014716
3.51694e-07	0.599431	0.59958	-0.00012385
3.50147e-07	0.600095	0.600245	-0.000124883
3.48613e-07	0.600853	0.60107	-0.000180142
3.47093e-07	0.601747	0.602037	-0.000241385
3.45586e-07	0.602807	0.603118	-0.000257518
3.44092e-07	0.603975	0.604269	-0.000243476
3.42611e-07	0.605137	0.605447	-0.000256342
3.41143e-07	0.606222	0.606606	-0.000316635
3.39687e-07	0.607243	0.607707	-0.00038167
3.38244e-07	0.608234	0.608726	-0.000404187
3.36812e-07	0.609182	0.609663	-0.000395225
3.35393e-07	0.610061	0.610557	-0.000406423
3.33986e-07	0.610973	0.611531	-0.000456338
3.32591e-07	0.612415	0.612939	-0.000427522
3.31207e-07	0.613304	0.61392	-0.000501619
3.29834e-07	0.615351	0.616357	-0.00081622
3.28473e-07	0.611707	0.612385	-0.000553529
3.27123e-07	0.609048	0.609733	-0.000562635
3.25784e-07	0.606835	0.607593	-0.000623897
3.24457e-07	0.605003	0.6058	-0.000658121
3.23139e-07	0.603548	0.604316	-0.000635783
3.21833e-07	0.602421	0.603135	-0.000592343
3.20537e-07	0.601556	0.602251	-0.000576933
3.19251e-07	0.600936	0.601651	-0.000594155
3.17976e-07	0.600579	0.601308	-0.000606791
3.16711e-07	0.600482	0.601187	-0.000586836
3.15456e-07	0.600582	0.601239	-0.000546376
3.14211e-07	0.600785	0.601404	-0.000515119
3.12975e-07	0.601015	0.601619	-0.000501916
3.11749e-07	0.601229	0.601819	-0.00049003
3.10533e-07	0.601387	0.601946	-0.000464329
3.09326e-07	0.601432	0.601948	-0.000429021
3.08129e-07	0.601307	0.601783	-0.000395843
3.06941e-07	0.600985	0.601426	-0.000366225
3.05762e-07	0.600465	0.600866	-0.000334152
3.04592e-07	0.599756	0.600117	-0.000300778
3.03431e-07	0.598886	0.599214	-0.000274387
3.02278e-07	0.597908	0.598213	-0.000255078
3.01135e-07	0.596913	0.597188	-0.00023096
3e-07	0.595994	0.596228	-0.000196902
